Title,Year,Rating,Genre,Director(s),Box Office Revenue,Lead Actors
1. The Shawshank Redemption,1994,9.3 (3M),"Epic, Period Drama, Prison Drama, Drama","Bob Gunton, Frank Darabont, Morgan Freeman, Tim Robbins, The Ink Spots, Stephen King, Andy Dufresne, Jack Lawrence, Hank Williams","Gross worldwide$29,332,133","Bob Gunton, Tim Robbins, Morgan Freeman"
2. The Godfather,1972,9.2 (2.1M),"Epic, Gangster, Tragedy, Crime, Drama","Al Pacino, Marlon Brando, Mario Puzo, Peter Clemenza, Francis Ford Coppola, James Caan, Carmine Coppola","Gross worldwide$250,342,198","Al Pacino, Marlon Brando, James Caan"
3. The Dark Knight,2008,9.0 (3M),"Action Epic, Epic, Superhero, Tragedy, Action, Crime, Drama, Thriller","Salvatore Maroni, Michael Caine, Christian Bale, David S. Goyer, Aaron Eckhart, The Pipes and Drums of the Chicago Police Department, Christopher Nolan, Jack Nicholson, The Chechen, Heath Ledger, The Joker, Jonathan Nolan","Gross worldwide$1,009,057,329","Christian Bale, Aaron Eckhart, Heath Ledger"
4. The Godfather Part II,1974,9.0 (1.4M),"Epic, Gangster, Tragedy, Crime, Drama","Livio Giorgi, Al Pacino, Mario Puzo, Francis Ford Coppola, Michael Corleone, Robert Duvall, Robert De Niro, Francesco Pennino","Gross worldwide$47,964,222","Al Pacino, Robert De Niro, Robert Duvall"
5. 12 Angry Men,1957,9.0 (917K),"Legal Drama, Psychological Drama, Crime, Drama","Jack Warden, Lee J. Cobb, Sidney Lumet, Reginald Rose, Henry Fonda, Martin Balsam, Juror #11, Marvin Hatley, Juror #8, E.G. Marshall, Juror #10","Gross worldwide$2,945","Henry Fonda, Martin Balsam, Lee J. Cobb"
6. The Lord of the Rings: The Return of the King,2003,9.0 (2.1M),"Action Epic, Adventure Epic, Epic, Fantasy Epic, Mountain Adventure, Quest, Sword & Sorcery, Tragedy, Adventure, Drama","Philippa Boyens, Ian McKellen, J.R.R. Tolkien, John Rhys-Davies, Annie Lennox, Peter Jackson, Viggo Mortensen, Elijah Wood, Fran Walsh, Howard Shore, Aragorn","Gross worldwide$1,138,267,561","Ian McKellen, Viggo Mortensen, Elijah Wood"
7. Schindler's List,1993,9.0 (1.5M),"Docudrama, Epic, Historical Epic, Period Drama, Prison Drama, Tragedy, Biography, Drama, History","Liam Neeson, Ben Kingsley, Amon Goeth, Steven Zaillian, Oskar Schima, Franz Xaver Kappus, Oskar Schindler, Amon Göth, Mimi Thoma, Mila Pfefferberg, Thomas Keneally, Ralph Fiennes, Steven Spielberg","Gross worldwide$322,161,245","Liam Neeson, Ralph Fiennes, Ben Kingsley"
8. Pulp Fiction,1994,8.9 (2.3M),"Dark Comedy, Drug Crime, Gangster, Crime, Drama","Fred Wise, John Travolta, Uma Thurman, Bruce Willis, Quentin Tarantino, Vincent, Samuel L. Jackson, Dick Dale & His Del-Tones, Bob Russell, Milton Leeds, Mia, Nicholas Roubanis, Roger Avary","Gross worldwide$213,928,762","John Travolta, Uma Thurman, Samuel L. Jackson"
9. The Lord of the Rings: The Fellowship of the Ring,2001,8.9 (2.1M),"Action Epic, Adventure Epic, Epic, Fantasy Epic, Quest, Sword & Sorcery, Adventure, Drama, Fantasy","Christopher Lee, Philippa Boyens, Ian McKellen, J.R.R. Tolkien, Gandalf, Orlando Bloom, Chris O'Connor, Frodo, David Donaldson, Peter Jackson, Janet Roddick, Elijah Wood, Fran Walsh, Steve Roche, David Long","Gross worldwide$888,171,906","Ian McKellen, Orlando Bloom, Elijah Wood"
"10. The Good, the Bad and the Ugly",1966,8.8 (847K),"Adventure Epic, Dark Comedy, Desert Adventure, Epic, Period Drama, Quest, Spaghetti Western, Western Epic, Adventure, Western","Clint Eastwood, Agenore Incrocci, Tommie Connor, Luciano Vincenzoni, Sergio Leone, Lee Van Cleef, Eli Wallach, Blondie","Gross worldwide$25,264,999","Clint Eastwood, Eli Wallach, Lee Van Cleef"
11. Forrest Gump,1994,8.8 (2.4M),"Epic, Drama, Romance","Irving Mills, Forrest Gump, Tom Hanks, Eric Roth, Cliff Friend, Robin Wright, Gary Sinise, Young Man Running, Hank Williams, Robert Zemeckis, Winston Groom","Gross worldwide$678,226,465","Gary Sinise, Tom Hanks, Robin Wright"
12. The Lord of the Rings: The Two Towers,2002,8.8 (1.9M),"Action Epic, Adventure Epic, Dark Fantasy, Epic, Fantasy Epic, Quest, Sword & Sorcery, Adventure, Drama, Fantasy","Philippa Boyens, Ian McKellen, J.R.R. Tolkien, Sam, Frodo, Peter Jackson, Viggo Mortensen, Elijah Wood, Fran Walsh, Howard Shore, Emiliana Torrini","Gross worldwide$938,242,927","Ian McKellen, Viggo Mortensen, Elijah Wood"
13. Fight Club,1999,8.8 (2.4M),"Psychological Drama, Workplace Drama, Drama","Brad Pitt, Meat Loaf, David Fincher, Rolfe Kent, Tyler Durden, Chuck Palahniuk, Edward Norton, Jim Uhls, Matt Winston, Holt McCallany","Gross worldwide$101,321,009","Edward Norton, Brad Pitt, Meat Loaf"
14. Inception,2010,8.8 (2.7M),"Action Epic, Adventure Epic, Epic, Psychological Thriller, Sci-Fi Epic, Action, Adventure, Sci-Fi, Thriller","Joseph Gordon-Levitt, Michel Vaucaire, Hans Zimmer, Elliot Page, Cobb, Charles Dumont, Édith Piaf, Leonardo DiCaprio, Christopher Nolan","Gross worldwide$839,030,630","Joseph Gordon-Levitt, Leonardo DiCaprio, Elliot Page"
15. Star Wars: Episode V - The Empire Strikes Back,1980,8.7 (1.4M),"Action Epic, Adventure Epic, Dark Fantasy, Epic, Fantasy Epic, Globetrotting Adventure, Quest, Sci-Fi Epic, Space Sci-Fi, Sword & Sorcery","Yoda, Mark Hamill, Harrison Ford, Luke, Irvin Kershner, Leigh Brackett, Carrie Fisher, George Lucas, Lawrence Kasdan","Gross worldwide$550,016,086","Mark Hamill, Harrison Ford, Carrie Fisher"
16. The Matrix,1999,8.7 (2.1M),"Action Epic, Artificial Intelligence, Cyberpunk, Dystopian Sci-Fi, Gun Fu, Martial Arts, Sci-Fi Epic, Action, Sci-Fi","Carrie-Anne Moss, Morpheus, Laurence Fishburne, Lana Wachowski, Grant Marshall, Robert Del Naja, Massive Attack, Andrew Vowles, Lilly Wachowski, Keanu Reeves","Gross worldwide$467,841,735","Carrie-Anne Moss, Keanu Reeves, Laurence Fishburne"
17. Goodfellas,1990,8.7 (1.3M),"Docudrama, Gangster, True Crime, Biography, Crime, Drama","Henry Hill, Martin Scorsese, Joe Pesci, Ray Liotta, Jerry Ross, Richard Adler, Tony Bennett, Robert De Niro, Nicholas Pileggi","Gross worldwide$47,058,317","Robert De Niro, Joe Pesci, Ray Liotta"
18. One Flew Over the Cuckoo's Nest,1975,8.7 (1.1M),"Medical Drama, Psychological Drama, Drama","Louise Fletcher, Lew Pollack, Milos Forman, McMurphy, Erno Rapee, Bo Goldman, Lawrence Hauben, Jack Nicholson, Michael Berryman, Ken Kesey, Brad Dourif","Gross worldwide$109,115,366","Michael Berryman, Jack Nicholson, Louise Fletcher"
19. Interstellar,2014,8.7 (2.3M),"Adventure Epic, Epic, Quest, Sci-Fi Epic, Space Sci-Fi, Time Travel, Adventure, Drama, Sci-Fi","Jessica Chastain, Cooper, Matthew McConaughey, Anne Hathaway, Kip Thorne, Dylan Thomas, Christopher Nolan, Jonathan Nolan","Gross worldwide$758,464,713","Matthew McConaughey, Anne Hathaway, Jessica Chastain"
20. Se7en,1995,8.6 (1.9M),"Cop Drama, Hard-boiled Detective, Legal Drama, Police Procedural, Psychological Drama, Psychological Thriller, Serial Killer, Crime, Drama, Mystery","Leland Orser, Brad Pitt, Nine Inch Nails, David Fincher, Morgan Freeman, David Mills, Trent Reznor, John Doe, Kevin Spacey, Andrew Kevin Walker","Gross worldwide$328,971,354","Brad Pitt, Kevin Spacey, Morgan Freeman"
21. It's a Wonderful Life,1946,8.6 (525K),"Feel-Good Romance, Holiday Family, Holiday Romance, Psychological Drama, Supernatural Fantasy, Drama, Family, Fantasy, Holiday, Romance","Albert Hackett, Frank Capra, Lionel Barrymore, Gloria Grahame, Clarence, Donna Reed, James Stewart, William Cool White, Frances Goodrich","Gross worldwide$10,635,461","Lionel Barrymore, James Stewart, Donna Reed"
22. Seven Samurai,1954,8.6 (382K),"Action Epic, Epic, Period Drama, Samurai, Action, Drama","Toshirô Mifune, Takashi Shimura, Akira Kurosawa, Sôjirô Motoki, Shinobu Hashimoto, Hideo Oguni, Kambei Shimada, Keiko Tsushima","Gross worldwide$1,082,148","Toshirô Mifune, Takashi Shimura, Keiko Tsushima"
23. The Silence of the Lambs,1991,8.6 (1.6M),"Police Procedural, Psychological Drama, Psychological Horror, Psychological Thriller, Serial Killer, Slasher Horror, Crime, Drama, Horror, Thriller","Jonathan Demme, Scott Glenn, Hannibal Lecter, Tom Petty & The Heartbreakers, Tom Petty, Thomas Harris, Anthony Hopkins, Ted Tally, Jodie Foster","Gross worldwide$272,742,922","Anthony Hopkins, Scott Glenn, Jodie Foster"
24. Saving Private Ryan,1998,8.6 (1.6M),"Epic, Period Drama, War Epic, Drama, War","Irving Mills, Tom Hanks, Tom Sizemore, Edgar De Lange, Duke Ellington, Robert Rodat, Matt Damon, Mellish, Steven Spielberg, Upham","Gross worldwide$482,352,390","Tom Sizemore, Tom Hanks, Matt Damon"
25. City of God,2002,8.6 (832K),"Caper, Coming-of-Age, Gangster, Crime, Drama","Bráulio Mantovani, Matheus Nachtergaele, Hermínio Bello de Carvalho, Buscapé, Carlos Cachaça, Paulo Lins, Fernando Meirelles, Graziella Moretto, Cartola, Alexandre Rodrigues, Kátia Lund, Leandro Firmino","Gross worldwide$30,681,033","Alexandre Rodrigues, Matheus Nachtergaele, Leandro Firmino"
26. The Green Mile,1999,8.6 (1.5M),"Period Drama, Prison Drama, Supernatural Fantasy, Tragedy, Crime, Drama, Fantasy, Mystery","Frank Darabont, Old Paul Edgecomb, Michael Clarke Duncan, Mantovani, Ronald Binge, Tom Hanks, Lew Pollack, Erno Rapee, Stephen King, David Morse","Gross worldwide$286,801,374","David Morse, Tom Hanks, Michael Clarke Duncan"
27. Life Is Beautiful,1997,8.6 (773K),"Period Drama, Romantic Comedy, Tragedy, Tragic Romance, Comedy, Drama, Romance, War","Giuseppe Gabetti, Nicoletta Braschi, Vincenzo Cerami, Giorgio Cantarini, Guido, Roberto Benigni, Bartolomeo","Gross worldwide$230,099,013","Giorgio Cantarini, Nicoletta Braschi, Roberto Benigni"
28. Terminator 2: Judgment Day,1991,8.6 (1.2M),"Action Epic, Artificial Intelligence, Cyberpunk, Dystopian Sci-Fi, Sci-Fi Epic, Time Travel, Action, Adventure, Sci-Fi","Izzy Stradlin, Axl Rose, James Cameron, Linda Hamilton, William Wisher, Arnold Schwarzenegger, The Terminator, Edward Furlong, Guns N' Roses, Robert Patrick","Gross worldwide$517,778,573","Linda Hamilton, Arnold Schwarzenegger, Edward Furlong"
29. Star Wars: Episode IV - A New Hope,1977,8.6 (1.5M),"Action Epic, Adventure Epic, Epic, Fantasy Epic, Quest, Sci-Fi Epic, Space Sci-Fi, Sword & Sorcery, Action, Adventure","Mark Hamill, Harrison Ford, Han Solo, Carrie Fisher, George Lucas, Steven Spielberg","Gross worldwide$775,398,507","Mark Hamill, Harrison Ford, Carrie Fisher"
30. Back to the Future,1985,8.5 (1.4M),"High-Concept Comedy, Teen Adventure, Teen Comedy, Time Travel, Urban Adventure, Adventure, Comedy, Sci-Fi","Chris Hayes, Eric Stoltz, Huey Lewis & The News, Dr. Emmett Brown, Bob Gale, Lea Thompson, Christopher Lloyd, Johnny Colla, Marty McFly, Michael J. Fox, Robert Zemeckis, Huey Lewis","Gross worldwide$385,053,307","Michael J. Fox, Christopher Lloyd, Lea Thompson"
31. Spirited Away,2001,8.6 (900K),"Anime, Coming-of-Age, Fairy Tale, Hand-Drawn Animation, Quest, Supernatural Fantasy, Adventure, Animation, Family, Fantasy","Miyu Irino, Hayao Miyazaki, Suzanne Pleshette, Zeniba, Daveigh Chase, Joe Hisaishi","Gross worldwide$358,862,570","Miyu Irino, Daveigh Chase, Suzanne Pleshette"
32. The Pianist,2002,8.5 (961K),"Docudrama, Epic, Period Drama, Tragedy, War Epic, Biography, Drama, Music, War","Thomas Kretschmann, Frank Finlay, Wladyslaw Szpilman, Frédéric Chopin, Henryk Szpilman, Adrien Brody, Roman Polanski, Ronald Harwood","Gross worldwide$120,098,945","Adrien Brody, Frank Finlay, Thomas Kretschmann"
33. Gladiator,2000,8.5 (1.7M),"Action Epic, Adventure Epic, Epic, Period Drama, Sword & Sandal, Action, Adventure, Drama","Connie Nielsen, John Logan, Synaulia, David Franzoni, Joaquin Phoenix, Ridley Scott, Russell Crowe, Walter Maioli, Nathalie Van Ravenstein, Maximus, William Nicholson","Gross worldwide$465,516,248","Russell Crowe, Connie Nielsen, Joaquin Phoenix"
34. Parasite,2019,8.5 (1M),"Dark Comedy, Korean Drama, Psychological Thriller, Tragedy, Drama, Thriller","Ki-taek, Bong Joon Ho, Song Kang-ho, Cho Yeo-jeong, George Frideric Handel, Han Jin-won, Lee Sun-kyun","Gross worldwide$262,608,117","Cho Yeo-jeong, Lee Sun-kyun, Song Kang-ho"
35. Psycho,1960,8.5 (748K),"Dark Comedy, Psychological Horror, Psychological Thriller, Slasher Horror, Suspense Mystery, Horror, Mystery, Thriller","Joseph Stefano, Norma Bates, Alfred Hitchcock, Anthony Perkins, Janet Leigh, Bernard Herrmann, Robert Bloch, Vera Miles","Gross worldwide$32,248,065","Janet Leigh, Anthony Perkins, Vera Miles"
36. The Lion King,1994,8.5 (1.2M),"Animal Adventure, Coming-of-Age, Hand-Drawn Animation, Jungle Adventure, Adventure, Animation, Drama, Family, Fantasy, Musical","Zolile Zulu, Tim Rice, Nandi Ndlovu, Irene Mecchi, Hans Zimmer, Happy Skhakhane, Gugwana Dlamini, Carmen Twillie, Ron Kunene, Rob Minkoff, Oren Waters, Linda Woolverton, Bob Joyce, Kevin Dorsey, Sindisiwe Sokhela, Rick Charles, Sphiwe Khanyile, Thembi Kubheka, Johnny Britt, Lebo M., Julia Waters, Maxine Waters Willard, Thembi Mtshali, Bobbi Page, James Earl Jones, Rodney Saulsberry, Lucky Cele, Edie Lehmann Boddicker, Skhumbuzo Kubheka, Bongani Ngcobo, Elton John, Matoab'sane Jali, Wendy Fraser, Stella Khumalo, Myrna Matthews, Nonhlanhla Mkhize, Linda Gcwensa, Kipizane Skweyiya, Philile Seme, Abner A. Mariri, Khuluiwe Sithole, Thandazile, Luther Waters, Terry Bradford, Tsidi Manye, Terry Young, Jeremy Irons, Frank Welker, Matthew Broderick, John J West, James Langa, Baby Cele, Clydene Jackson, Vusi Mhlongo, Phindile, Rick Logan, Jonathan Roberts, Luyanda Jezile, Khanyo Maphumulo, Faca Khulu, Alfie Silas, Susie Stevens-Logan, Maxi Anderson, Batho Mhlongo, Faith Kekana, Bheki Ndlovu, Roger Allers, Scar, Yvonne Williams, Nini Nkosi, Rick Riso, Sam Vamplew","Gross worldwide$979,161,373","Matthew Broderick, Jeremy Irons, James Earl Jones"
37. Grave of the Fireflies,1988,8.5 (343K),"Adult Animation, Anime, Hand-Drawn Animation, Period Drama, Animation, Drama, War","Amelita Galli-Curci, Seita, Akiyuki Nosaka, Isao Takahata, H.R. Bishop, Ayano Shiraishi, Tsutomu Tatsumi, Akemi Yamaguchi","Gross worldwide$839,052","Tsutomu Tatsumi, Akemi Yamaguchi, Ayano Shiraishi"
38. The Departed,2006,8.5 (1.5M),"Cop Drama, Epic, Gangster, Crime, Drama, Thriller","Keith Richards, Dignam, Alan Mak, The Rolling Stones, Felix Chong, Mick Jagger, Matt Damon, Leonardo DiCaprio, Jack Nicholson, Police Camera Tech, Martin Scorsese, William Monahan","Gross worldwide$291,481,358","Jack Nicholson, Matt Damon, Leonardo DiCaprio"
39. Whiplash,2014,8.5 (1.1M),"Psychological Drama, Drama, Music","Miles Teller, Terence Fletcher, Damien Chazelle, Melissa Benoist, Justin Hurwitz, J.K. Simmons","Gross worldwide$50,360,880","Miles Teller, Melissa Benoist, J.K. Simmons"
40. Harakiri,1962,8.6 (78K),"Period Drama, Drama, Mystery","Hanshiro Tsugumo, Yasuhiko Takiguchi, Tatsuya Nakadai, Akira Ishihama, Shinobu Hashimoto, Masaki Kobayashi, Shima Iwashita","Gross worldwide$15,222","Shima Iwashita, Tatsuya Nakadai, Akira Ishihama"
41. American History X,1998,8.5 (1.2M),"Prison Drama, Tragedy, Crime, Drama","Tony Kaye, Julia Ward Howe, William Steffe, Bob Sweeney, Ethan Suplee, Tom Hanks, Edward Norton, David McKenna, Edward Furlong, Derek Vinyard, Beverly D'Angelo","Gross worldwide$23,875,714","Edward Norton, Edward Furlong, Beverly D'Angelo"
42. The Prestige,2006,8.5 (1.5M),"Period Drama, Steampunk, Tragedy, Drama, Mystery, Sci-Fi, Thriller","Keith Nichols, Christian Bale, Hugh Jackman, Cutter, Scarlett Johansson, Christopher Nolan, Christopher Priest, Jonathan Nolan","Gross worldwide$109,676,311","Hugh Jackman, Christian Bale, Scarlett Johansson"
43. Léon: The Professional,1994,8.5 (1.3M),"Gangster, One-Person Army Action, Action, Crime, Drama, Thriller","Léon, Dominic Miller, Mathilda, Natalie Portman, Luc Besson, Sting, Gary Oldman, Jean Reno","Gross worldwide$20,278,989","Natalie Portman, Gary Oldman, Jean Reno"
44. Spider-Man: Across the Spider-Verse,2023,8.5 (443K),"Computer Animation, Superhero, Supernatural Fantasy, Teen Adventure, Urban Adventure, Action, Adventure, Animation, Family, Fantasy","Metro Boomin, Joaquim Dos Santos, Christopher Miller, Miles Morales, Brian Tyree Henry, Prince 85, Coi Leray, Justin K. Thompson, Johan Lenox, Kemp Powers, Dave Callaham, Dre Moon, Hailee Steinfeld, Spider-Man India, Preston Mutanga, Phil Lord, Brittany Talia Hazzard, Shameik Moore","Gross worldwide$690,824,738","Hailee Steinfeld, Brian Tyree Henry, Shameik Moore"
45. Casablanca,1942,8.5 (628K),"Drama, Romance, War","Humphrey Bogart, Julius J. Epstein, Rick, Howard Koch, Madeleine Lebeau, Paul Henreid, Michael Curtiz, Ingrid Bergman, Max Steiner, Claude Joseph Rouget de Lisle, Captain Renault, Philip G. Epstein","Gross worldwide$4,727,083","Paul Henreid, Ingrid Bergman, Humphrey Bogart"
46. The Usual Suspects,1995,8.5 (1.2M),"Caper, Gangster, Heist, Psychological Drama, Psychological Thriller, Suspense Mystery, Whodunnit, Crime, Drama, Mystery","Chazz Palminteri, Gabriel Byrne, Claude Debussy, Christopher McQuarrie, Verbal, Jon Kull, Kevin Spacey, Bryan Singer","Gross worldwide$23,341,568","Gabriel Byrne, Chazz Palminteri, Kevin Spacey"
47. The Intouchables,2011,8.5 (971K),"Docudrama, Comedy, Drama","Philippe, Allee Willis, François Cluzet, Omar Sy, Maurice White, Éric Toledano, Al McKay, Olivier Nakache, Anne Le Ny, Earth Wind & Fire, Philippe Pozzo di Borgo","Gross worldwide$426,590,315","François Cluzet, Omar Sy, Anne Le Ny"
48. Cinema Paradiso,1988,8.5 (299K),"Coming-of-Age, Drama, Romance","Salvatore, Philippe Noiret, Ennio Morricone, Alfredo, Giuseppe Tornatore, Enzo Cannavale, Antonella Attili, Vanna Paoli","Gross worldwide$13,020,497","Philippe Noiret, Antonella Attili, Enzo Cannavale"
49. Modern Times,1936,8.5 (271K),"Romantic Comedy, Satire, Slapstick, Comedy, Drama, Romance","Paulette Goddard, Henry Bergman, A gamin, Charles Chaplin, A factory worker","Gross worldwide$463,618","Paulette Goddard, Charles Chaplin, Henry Bergman"
50. Alien,1979,8.5 (1M),"Alien Invasion, Cyberpunk, Monster Horror, Space Sci-Fi, Horror, Sci-Fi","Yaphet Kotto, Ridley Scott, Ripley, Dan O'Bannon, Ronald Shusett, Howard Hanson, Tom Skerritt, John Hurt, Sigourney Weaver","Gross worldwide$108,610,231","John Hurt, Tom Skerritt, Sigourney Weaver"
51. Rear Window,1954,8.5 (543K),"Psychological Thriller, Suspense Mystery, Drama, Mystery, Thriller","Stella, L.B. Jefferies, Leonard Bernstein, Grace Kelly, Alfred Hitchcock, John Michael Hayes, James Stewart, Cornell Woolrich, Wendell Corey","Gross worldwide$37,905,475","James Stewart, Grace Kelly, Wendell Corey"
52. Once Upon a Time in the West,1968,8.5 (366K),"Desert Adventure, Epic, Spaghetti Western, Western Epic, Drama, Western","Snaky, Sergio Donati, Frederick Edward Weatherly, Claudia Cardinale, Harmonica, Sergio Leone, Henry Fonda, Charles Bronson, Simonetta Santaniello, Dario Argento","Gross worldwide$5,435,312","Henry Fonda, Charles Bronson, Claudia Cardinale"
53. Django Unchained,2012,8.5 (1.8M),"Dark Comedy, Epic, Period Drama, Western Epic, Western","Franco Migliacci, Bruno Nicolai, Django, Rocky Roberts, Quentin Tarantino, Christoph Waltz, Leonardo DiCaprio, Kerry Washington, Robert Mellin, Dr. King Schultz, Jamie Foxx, Luis Bacalov","Gross worldwide$426,076,293","Christoph Waltz, Leonardo DiCaprio, Jamie Foxx"
54. City Lights,1931,8.5 (206K),"Feel-Good Romance, Romantic Comedy, Satire, Slapstick, Comedy, Drama, Romance","The Tramp, Georgia Hale, José Padilla, Harry Carr, Harry Crocker, A Blind Girl, Virginia Cherrill, Florence Lee, Charles Chaplin","Gross worldwide$55,154","Florence Lee, Virginia Cherrill, Charles Chaplin"
55. Apocalypse Now,1979,8.4 (737K),"Adventure Epic, Epic, Hard-boiled Detective, Psychological Drama, Quest, Suspense Mystery, War Epic, Drama, Mystery, War","Marlon Brando, Ray Manzarek, Robby Krieger, The Doors, John Milius, Jim Morrison, Francis Ford Coppola, Kurtz, Michael Herr, Vittorio Storaro, Robert Duvall, Martin Sheen, John Densmore","Gross worldwide$105,086,099","Martin Sheen, Marlon Brando, Robert Duvall"
56. Dune: Part Two,2024,8.5 (612K),"Action Epic, Desert Adventure, Epic, Sci-Fi Epic, Space Sci-Fi, Action, Adventure, Drama, Sci-Fi","Denis Villeneuve, Gurney Halleck, Hans Zimmer, Rebecca Ferguson, Jon Spaihts, Stellan Skarsgård, Zendaya, Frank Herbert, Stilgar, Paul Atreides, Timothée Chalamet","Gross worldwide$714,644,358","Zendaya, Rebecca Ferguson, Timothée Chalamet"
57. Memento,2000,8.4 (1.4M),"Psychological Thriller, Suspense Mystery, Mystery, Thriller","Carrie-Anne Moss, Leonard Shelby, Reeves Gabrels, Guy Pearce, Joe Pantoliano, Christopher Nolan, Jonathan Nolan, David Bowie","Gross worldwide$40,047,236","Carrie-Anne Moss, Joe Pantoliano, Guy Pearce"
58. WALL·E,2008,8.4 (1.3M),"Adventure Epic, Artificial Intelligence, Computer Animation, Dystopian Sci-Fi, Space Sci-Fi, Adventure, Animation, Family, Sci-Fi","EVE, WALL.E, Jerry Herman, Jim Reardon, Ben Burtt, Elissa Knight, Jeff Garlin, Andrew Stanton, Pete Docter","Gross worldwide$527,403,656","Ben Burtt, Elissa Knight, Jeff Garlin"
59. Raiders of the Lost Ark,1981,8.4 (1.1M),"Adventure Epic, Desert Adventure, Globetrotting Adventure, Quest, Action, Adventure","Karen Allen, Indiana, Lawrence Kasdan, Harrison Ford, John Rhys-Davies, Marion, Paul Freeman, W.S. Gilbert, Arthur Sullivan, George Lucas, Steven Spielberg, Philip Kaufman","Gross worldwide$389,925,971","Karen Allen, Harrison Ford, Paul Freeman"
60. The Lives of Others,2006,8.4 (425K),"Political Thriller, Psychological Drama, Spy, Drama, Mystery, Thriller","Sebastian Koch, Ulrich Mühe, Florian Henckel von Donnersmarck, Joachim-Franz Bartzsch, Martina Gedeck, Hauptmann Gerd Wiesler, Buchverkäufer, Kurt Demmler","Gross worldwide$77,672,685","Martina Gedeck, Sebastian Koch, Ulrich Mühe"
61. Avengers: Infinity War,2018,8.4 (1.3M),"Space Sci-Fi, Superhero, Action, Adventure, Sci-Fi","The Spinners, Christopher Markus, Mark Ruffalo, Stephen McFeely, Rocket Raccoon, Thom Bell, Linda Creed, Anthony Russo, Joe Russo, Chris Hemsworth, Stan Lee, Robert Downey Jr., Tom Holland, Thor","Gross worldwide$2,052,415,039","Mark Ruffalo, Chris Hemsworth, Robert Downey Jr."
62. Sunset Boulevard,1950,8.4 (247K),"Dark Comedy, Film Noir, Psychological Drama, Showbiz Drama, Tragedy, Drama","Norma Desmond, Jay Livingston, Erich von Stroheim, Joe Gillis, Ray Evans, William Holden, Roscoe 'Fatty' Arbuckle, Billy Wilder, Charles Brackett, D.M. Marshman Jr., Gloria Swanson","Gross worldwide$309,467","Erich von Stroheim, William Holden, Gloria Swanson"
63. Spider-Man: Into the Spider-Verse,2018,8.4 (721K),"Computer Animation, Superhero, Supernatural Fantasy, Teen Adventure, Urban Adventure, Action, Adventure, Animation, Comedy, Family","James Brown, Rodney Rothman, Peter Ramsey, St. Clair Pinckney, Steve Ditko, Bob Persichetti, Jake Johnson, Stan Lee, Hailee Steinfeld, Fred Wesley, Phil Lord, Stan, Shameik Moore","Gross worldwide$393,602,435","Hailee Steinfeld, Jake Johnson, Shameik Moore"
64. Paths of Glory,1957,8.4 (225K),"Epic, Psychological Drama, War Epic, Drama, War","Kirk Douglas, Pvt. Pierre Arnaud, Jim Thompson, Calder Willingham, Ralph Meeker, Stanley Kubrick, Claude Joseph Rouget de Lisle, Adolphe Menjou, Francisco Franco","Gross worldwide$8,290","Kirk Douglas, Ralph Meeker, Adolphe Menjou"
65. Witness for the Prosecution,1957,8.4 (149K),"Legal Drama, Legal Thriller, Whodunnit, Crime, Drama, Mystery, Thriller","Jack Brooks, Maurice Zolotow, Marlene Dietrich, Charles Laughton, Agatha Christie, Sir Wilfrid, Billy Wilder, Tyrone Power, Ralph Arthur Roberts, Harry Kurnitz","Gross worldwide$7,903","Marlene Dietrich, Charles Laughton, Tyrone Power"
66. The Shining,1980,8.4 (1.2M),"Dark Comedy, Psychological Drama, Psychological Horror, Supernatural Horror, Drama, Horror","Hector Berlioz, Rachel Elkind, Stephen King, Wendy Carlos, Jack Torrance, Danny Lloyd, Diane Johnson, Shelley Duvall, Jack Nicholson, Stanley Kubrick, Anne Jackson, Tony Burton","Gross worldwide$47,962,534","Danny Lloyd, Shelley Duvall, Jack Nicholson"
67. The Great Dictator,1940,8.4 (248K),"Parody, Satire, Slapstick, Comedy, Drama, War","Jack Oakie, Johannes Brahms, Paulette Goddard, Benito Mussolini, Mr. Jaeckel, Adolf Hitler, Hannah, A Jewish Barber, Charles Chaplin","Gross worldwide$972,212","Jack Oakie, Paulette Goddard, Charles Chaplin"
68. 12th Fail,2023,8.8 (144K),"Docudrama, Biography, Drama","Anant Joshi, Manoj Sharma, Vikrant Massey, Vidhu Vinod Chopra, Anurag Pathak, Medha Shankr, Jaskunwar Kohli","Gross worldwide$138,288","Anant Joshi, Medha Shankr, Vikrant Massey"
69. Aliens,1986,8.4 (804K),"Alien Invasion, Cyberpunk, Monster Horror, Space Sci-Fi, Survival, Tragedy, Action, Adventure, Horror, Sci-Fi","Walter Hill, Michael Biehn, James Cameron, Private Hudson, Lance Henriksen, Private Vasquez, David Giler, Carrie Henn, Sigourney Weaver","Gross worldwide$131,060,248","Carrie Henn, Michael Biehn, Sigourney Weaver"
70. Inglourious Basterds,2009,8.4 (1.7M),"Dark Comedy, Period Drama, Adventure, Drama, War","The Nick Perito Orchestra, Brad Pitt, Quentin Tarantino, Pfc. Omar Ulmer, Lt. Aldo Raine, Christoph Waltz, Paul Francis Webster, Lawrence Bender, Dimitri Tiomkin, Diane Kruger, Eli Roth","Gross worldwide$321,460,744","Diane Kruger, Brad Pitt, Eli Roth"
71. The Dark Knight Rises,2012,8.4 (1.9M),"Action Epic, Epic, Superhero, Action, Drama, Thriller","Minnesota Orchestra, Stanislaw Skrowaczewski, Marlon Brando, Tom Hardy, Christian Bale, David S. Goyer, Heath Ledger, Batman, Maurice Ravel, Anne Hathaway, Jim Gordon, Christopher Nolan, Jonathan Nolan, Bryan Singer","Gross worldwide$1,114,976,407","Tom Hardy, Christian Bale, Anne Hathaway"
72. Coco,2017,8.4 (642K),"Computer Animation, Supernatural Fantasy, Adventure, Animation, Drama, Family, Fantasy, Music, Mystery","Anthony Gonzalez, Adrian Molina, Matthew Aldrich, Germaine Franco, Jason Katz, Benjamin Bratt, Ana Ofelia Murguía, Robert Lopez, Libertad García Fonzi, Héctor, Gael García Bernal, Lee Unkrich, Kristen Anderson-Lopez","Gross worldwide$814,641,172","Anthony Gonzalez, Gael García Bernal, Benjamin Bratt"
73. Amadeus,1984,8.4 (446K),"Costume Drama, Epic, Period Drama, Tragedy, Biography, Drama, Music","Zdenek Mahler, Wolfgang Amadeus Mozart, The Academy of St. Martin-in-the-Fields, Tom Hulce, Deborah Rees, Richard Stilwell, Neville Marriner, Anne Howells, Peter Shaffer, Isobel Buchanan, Samuel Ramey, Willard White, Frantisek Tomasek, Antonio Salieri, Lorenzo da Ponte, Robin Leggate, Milos Forman, Alexander Oliver, Felicity Lott, John Tomlinson, F. Murray Abraham, Elizabeth Berridge","Gross worldwide$52,110,293","F. Murray Abraham, Elizabeth Berridge, Tom Hulce"
74. Toy Story,1995,8.3 (1.1M),"Buddy Comedy, Computer Animation, Supernatural Fantasy, Urban Adventure, Adventure, Animation, Comedy, Family, Fantasy","Buzz, Tim Allen, Randy Newman, Tom Hanks, Don Rickles, Andrew Stanton, Pete Docter, Woody, John Lasseter","Gross worldwide$394,436,586","Tom Hanks, Tim Allen, Don Rickles"
75. Avengers: Endgame,2019,8.4 (1.3M),"Space Sci-Fi, Superhero, Time Travel, Tragedy, Action, Adventure, Sci-Fi","Traffic, Jim Capaldi, Christopher Markus, Mark Ruffalo, Stephen McFeely, Clint Barton, Chris Wood, Anthony Russo, Joe Russo, Chris Evans, Stan Lee, Robert Downey Jr., Natasha Romanoff, Steve Winwood","Gross worldwide$2,799,439,100","Mark Ruffalo, Chris Evans, Robert Downey Jr."
76. Good Will Hunting,1997,8.3 (1.1M),"Coming-of-Age, Psychological Drama, Drama, Romance","Will, Sean, Robin Williams, Ben Affleck, Matt Damon, Gus Van Sant, The Wolfetones","Gross worldwide$225,933,435","Robin Williams, Matt Damon, Ben Affleck"
77. Oldboy,2003,8.3 (673K),"Dark Comedy, One-Person Army Action, Psychological Drama, Psychological Thriller, Action, Drama, Mystery, Thriller","Nobuaki Minegishi, Park Chan-wook, Yoo Ji-tae, Starsailor, Choi Min-sik, Kang Hye-jeong, Woo-jin Lee, Garon Tsuchiya","Gross worldwide$17,592,355","Kang Hye-jeong, Yoo Ji-tae, Choi Min-sik"
78. Dr. Strangelove or: How I Learned to Stop Worrying and Love the Bomb,1964,8.3 (536K),"Dark Comedy, Farce, Political Drama, Satire, Tragedy, Comedy, War","Jimmy Campbell, Terry Southern, George C. Scott, President Merkin Muffley, Sterling Hayden, Harry M. Woods, Reginald Connelly, Peter George, Stanley Kubrick, Peter Sellers, Peter Bull, Laurie Johnson","Gross worldwide$9,631,984","Sterling Hayden, George C. Scott, Peter Sellers"
79. American Beauty,1999,8.3 (1.2M),"Psychological Drama, Tragedy, Drama","Tom Cruise, Mena Suvari, Nicole Kidman, Paul McCartney, Annette Bening, Sam Mendes, Thora Birch, Kevin Spacey, Lester Burnham, John Lennon, Alan Ball, Elliott Smith","Gross worldwide$356,296,601","Thora Birch, Kevin Spacey, Annette Bening"
80. Das Boot,1981,8.4 (278K),"Epic, War Epic, Drama, War","Lothar G. Buchheim, Herbert Grönemeyer, Klaus Wennemann, Wolfgang Petersen, Rosita Serrano, Lt. Werner, Michael Jary, Jürgen Prochnow, Captain, Sebastian Iradier","Gross worldwide$11,488,778","Herbert Grönemeyer, Jürgen Prochnow, Klaus Wennemann"
81. Braveheart,1995,8.3 (1.1M),"Action Epic, Costume Drama, Epic, Period Drama, War Epic, Biography, Drama, War","Young Soldier, Randall Wallace, Mel Gibson, Patrick McGoohan, Veteran, Sophie Marceau, William Wallace","Gross worldwide$213,216,216","Mel Gibson, Patrick McGoohan, Sophie Marceau"
82. Princess Mononoke,1997,8.3 (455K),"Action Epic, Adult Animation, Adventure Epic, Anime, Dark Fantasy, Fantasy Epic, Hand-Drawn Animation, Quest, Adventure, Animation","Yôji Matsuda, Harvey Weinstein, Yûko Tanaka, Yoshikazu Mera, Hayao Miyazaki, Toshio Suzuki, Hiroshi Kumagai, Tokyo City Philharmonic Orchestra, Joe Hisaishi, Yuriko Ishida","Gross worldwide$170,518,820","Yôji Matsuda, Yûko Tanaka, Yuriko Ishida"
83. Your Name.,2016,8.4 (351K),"Anime, Shōjo, Animation, Drama, Fantasy, Romance","Youjirou Noda, Mone Kamishiraishi, Ryo Narita, Ryûnosuke Kamiki, Radwimps, Hitoha Miyamizu, Makoto Shinkai","Gross worldwide$405,340,703","Ryûnosuke Kamiki, Mone Kamishiraishi, Ryo Narita"
84. High and Low,1963,8.4 (59K),"Police Procedural, Crime, Drama, Mystery, Thriller","Eijirô Hisaita, Kingo Gondo, Toshirô Mifune, Kazuko Kurosawa, Ginjirô Takeuchi, medical intern, Akira Kurosawa, Tatsuya Nakadai, Hideo Oguni, Yutaka Sada, Ryûzô Kikushima, Yumi Shirakawa","Gross worldwide$64,277","Toshirô Mifune, Tatsuya Nakadai, Yutaka Sada"
85. 3 Idiots,2009,8.4 (455K),"Buddy Comedy, Coming-of-Age, Quirky Comedy, Comedy, Drama","Swanand Kirkire, Shantanu Moitra, Shaan, Vidhu Vinod Chopra, Rancho, Abhijat Joshi, Machine Class Professor, Aamir Khan, Madhavan, Rajkumar Hirani, Sonu Nigam, Mona Singh","Gross worldwide$60,262,836","Aamir Khan, Mona Singh, Madhavan"
86. Joker,2019,8.3 (1.6M),"Psychological Drama, Psychological Thriller, Tragedy, Crime, Drama, Thriller","Bob Kane, Claude Bolling, Todd Phillips, Arthur Fleck, Joaquin Phoenix, Scott Silver, Zazie Beetz, Robert De Niro","Gross worldwide$1,078,958,629","Zazie Beetz, Robert De Niro, Joaquin Phoenix"
87. Once Upon a Time in America,1984,8.3 (392K),"Dark Comedy, Epic, Gangster, Period Drama, Crime, Drama","Noodles, Joey Faye, Nino Baragli, James Woods, Sergio Leone, Harry Grey, Leonardo Benvenuti, Elizabeth McGovern, Irving Berlin, Robert De Niro, Kate Smith, Piero De Bernardi","Gross worldwide$5,476,126","Robert De Niro, James Woods, Elizabeth McGovern"
88. Capernaum,2018,8.4 (115K),Drama,"Michelle Keserwany, Yordanos Shiferaw, Zain Al Rafeea, Zain, Nadine Labaki, Jihad Hojeily, Boluwatife Treasure Bankole","Gross worldwide$64,417,003","Zain Al Rafeea, Boluwatife Treasure Bankole, Yordanos Shiferaw"
89. Singin' in the Rain,1952,8.3 (271K),"Classic Musical, Feel-Good Romance, Jukebox Musical, Romantic Comedy, Satire, Comedy, Musical, Romance","Al Hoffman, Betty Comden, Gene Kelly, Debbie Reynolds, Arthur Freed, Cyd Charisse, Donald O'Connor, Cosmo Brown, Stanley Donen, Al Goodhart, Adolph Green","Gross worldwide$2,094,272","Debbie Reynolds, Donald O'Connor, Gene Kelly"
90. Come and See,1985,8.3 (110K),"Epic, Period Drama, Tragedy, War Epic, Drama, Thriller, War","Aleksey Kravchenko, Ales Adamovich, Liubomiras Laucevicius, Elem Klimov, Olga Mironova, Richard Wagner, Flyora Gaishun","Gross worldwide$20,929,648","Aleksey Kravchenko, Liubomiras Laucevicius, Olga Mironova"
91. Requiem for a Dream,2000,8.3 (933K),"Psychological Drama, Tragedy, Drama","Ellen Burstyn, Sara Goldfarb, Jared Leto, Brian Emrich, Hubert Selby Jr., Harry Goldfarb, Tico Torres, Matthew Libatique, Jennifer Connelly, Darren Aronofsky","Gross worldwide$7,391,471","Jennifer Connelly, Jared Leto, Ellen Burstyn"
92. Toy Story 3,2010,8.3 (925K),"Computer Animation, Supernatural Fantasy, Urban Adventure, Adventure, Animation, Comedy, Family, Fantasy","Mitchell Froom, Tim Allen, Randy Newman, Joan Cusack, Tom Hanks, Andrew Stanton, Woody, Lee Unkrich, John Lasseter","Gross worldwide$1,067,316,101","Tom Hanks, Tim Allen, Joan Cusack"
93. Star Wars: Episode VI - Return of the Jedi,1983,8.3 (1.2M),"Action Epic, Adventure Epic, Dark Fantasy, Epic, Fantasy Epic, Globetrotting Adventure, Quest, Sci-Fi Epic, Space Sci-Fi, Sword & Sorcery","Warwick Davis, Ernie Fosselius, Annie Arbogast, John Williams, Michele Gruska, Joseph Williams, Mark Hamill, Harrison Ford, Luke Skywalker, Richard Marquand, Anakin Skywalker, Carrie Fisher, George Lucas, Lawrence Kasdan","Gross worldwide$482,466,382","Mark Hamill, Harrison Ford, Carrie Fisher"
94. The Hunt,2012,8.3 (385K),"Psychological Drama, Tragedy, Drama","Thomas Bo Larsen, Van Morrison, Agnes, Annika Wedderkopp, Mads Mikkelsen, Thomas Vinterberg, Theo, Tobias Lindholm, Lucas","Gross worldwide$15,886,373","Thomas Bo Larsen, Mads Mikkelsen, Annika Wedderkopp"
95. Eternal Sunshine of the Spotless Mind,2004,8.3 (1.1M),"Dark Romance, Psychological Drama, Drama, Romance, Sci-Fi","Kate Winslet, Michel Gondry, James Warren, Tom Wilkinson, Mark Ruffalo, Beck, Elijah Wood, Pierre Bismuth, Jon Brion, Charlie Kaufman, Clementine Kruczynski, Jim Carrey, Joel Barish","Gross worldwide$73,384,095","Tom Wilkinson, Kate Winslet, Jim Carrey"
96. Ikiru,1952,8.3 (95K),"Psychological Drama, Tragedy, Drama","Henri Varna, Takashi Shimura, Kanji, Akira Kurosawa, Vincent Scotto, Georges Koger, Shinobu Hashimoto, Hideo Oguni, Nobuo Kaneko, Josephine Baker, Shin'ichi Himori","Gross worldwide$113,821","Takashi Shimura, Nobuo Kaneko, Shin'ichi Himori"
97. 2001: A Space Odyssey,1968,8.3 (749K),"Adventure Epic, Artificial Intelligence, Epic, Psychological Drama, Sci-Fi Epic, Space Sci-Fi, Adventure, Sci-Fi","Keir Dullea, HAL, Gennadi Rozhdestvensky, Leningrad Philharmonic Orchestra, Gary Lockwood, William Sylvester, Aram Khachaturyan, Stanley Kubrick, Douglas Trumbull, Arthur C. Clarke","Gross worldwide$66,810,089","William Sylvester, Gary Lockwood, Keir Dullea"
98. Reservoir Dogs,1992,8.3 (1.1M),"Gangster, Heist, Crime, Thriller","Chris Penn, Tim Roth, Quentin Tarantino, George Baker, Jan Gerbrand Visser, Mr. Pink, Michael Madsen, Harvey Keitel, Steve Buscemi, Mr. Blue, Nice Guy Eddie, George Baker Selection, Roger Avary","Gross worldwide$2,932,006","Michael Madsen, Harvey Keitel, Tim Roth"
99. The Apartment,1960,8.3 (207K),"Farce, Holiday Comedy, Holiday Romance, Romantic Comedy, Comedy, Drama, Holiday, Romance","Fred MacMurray, Frederick Oakeley, Jack Lemmon, John Francis Wade, I.A.L. Diamond, Billy Wilder, Edward G. Boyle, Alexandre Trauner, Shirley MacLaine, Fran Kubelik, C.C. Baxter","Gross worldwide$18,783,770","Fred MacMurray, Jack Lemmon, Shirley MacLaine"
100. Incendies,2010,8.3 (224K),"Suspense Mystery, Drama, Mystery, War","Denis Villeneuve, Thom Yorke, Valérie Beaugrand-Champagne, Wajdi Mouawad, Maxim Gaudette, Radiohead, Mélissa Désormeaux-Poulin, Lubna Azabal, Phil Selway, Ed O'Brien, Simon Marwan, Colin Greenwood, Jonny Greenwood","Gross worldwide$6,797,861","Maxim Gaudette, Mélissa Désormeaux-Poulin, Lubna Azabal"
101. Lawrence of Arabia,1962,8.3 (327K),"Adventure Epic, Desert Adventure, Epic, Tragedy, War Epic, Adventure, Biography, Drama, War","Michael Wilson, Robert Bolt, King Hussein, William Potter, Sam Spiegel, Abdullah II King Of Jordan, David Lean, Fred Gilbert, Peter O'Toole, Alec Guinness, Anthony Quinn, T.E. Lawrence","Gross worldwide$45,766,917","Peter O'Toole, Alec Guinness, Anthony Quinn"
102. Scarface,1983,8.3 (956K),"Drug Crime, Epic, Gangster, Tragedy, Crime, Drama","Al Pacino, Brian De Palma, Paul Engemann, Howard Hawks, Giorgio Moroder, Steven Bauer, Pete Bellotte, Michelle Pfeiffer, Oliver Stone, Tony Montana, Ben Hecht","Gross worldwide$66,443,303","Al Pacino, Steven Bauer, Michelle Pfeiffer"
103. Double Indemnity,1944,8.3 (174K),"Film Noir, Hard-boiled Detective, Crime, Drama, Mystery, Thriller","Fred MacMurray, Edward G. Robinson, Barbara Stanwyck, James M. Cain, Billy Wilder, Raymond Chandler, Walter Neff, Barton Keyes, Victor Schertzinger","Gross worldwide$21,026","Fred MacMurray, Edward G. Robinson, Barbara Stanwyck"
104. North by Northwest,1959,8.3 (359K),"Spy, Adventure, Drama, Mystery, Thriller","Otto Preminger, James Mason, Cary Grant, Ernest Lehman, Eva Marie Saint, Alfred Hitchcock, Jimmy McHugh, James Stewart, Roger Thornhill, Harold Adamson, Ticket Seller, Gerald Devriès","Gross worldwide$192,323","James Mason, Eva Marie Saint, Cary Grant"
105. Heat,1995,8.3 (750K),"Action Epic, Cop Drama, Epic, Gangster, Heist, Action, Crime, Drama","Vincent Hanna, Al Pacino, Passengers, Hank Azaria, Diane Venora, Val Kilmer, Robert De Niro, Ashley Judd, Michael Mann","Gross worldwide$187,436,818","Al Pacino, Val Kilmer, Robert De Niro"
106. Citizen Kane,1941,8.3 (479K),"Epic, Period Drama, Tragedy, Drama, Mystery","Charlie Barnet, Dorothy Comingore, CeePee Johnson, Mr. Bernstein, Alton Redd, Joseph Cotten, Herman J. Mankiewicz, Buddy Collette, Haven Johnson, Orson Welles, Gregg Toland, The King Cole Trio, John Houseman","Gross worldwide$1,707,754","Dorothy Comingore, Orson Welles, Joseph Cotten"
107. Up,2009,8.3 (1.2M),"Coming-of-Age, Computer Animation, Globetrotting Adventure, Adventure, Animation, Comedy, Drama, Family","Carl Fredricksen, Felix Mendelssohn, Tom McCarthy, Jordan Nagai, Dug, Pete Docter, Bob Peterson, John Ratzenberger, Edward Asner","Gross worldwide$735,102,136","Jordan Nagai, John Ratzenberger, Edward Asner"
108. M,1931,8.3 (176K),"Psychological Thriller, Serial Killer, Suspense Mystery, Crime, Mystery, Thriller","Fritz Lang, Inge Landgut, Peter Lorre, Ellen Widmann, Schraenker, Egon Jacobsohn, Hans Beckert, Edvard Grieg, Thea von Harbou","Gross worldwide$35,566","Peter Lorre, Inge Landgut, Ellen Widmann"
109. Full Metal Jacket,1987,8.2 (817K),"Dark Comedy, Period Drama, Drama, War","Gustav Hasford, R. Lee Ermey, Vincent D'Onofrio, Matthew Modine, Tom T. Hall, Gunnery Sergeant Hartman, Michael Herr, Johnny Wright, Stanley Kubrick","Gross worldwide$50,193,748","R. Lee Ermey, Vincent D'Onofrio, Matthew Modine"
110. Vertigo,1958,8.3 (443K),"Psychological Thriller, Tragedy, Mystery, Romance, Thriller","Kim Novak, Saul Bass, Wolfgang Amadeus Mozart, Samuel A. Taylor, Alfred Hitchcock, Alec Coppel, James Stewart, Pierre Boileau, Scottie, Madeleine, Barbara Bel Geddes","Gross worldwide$7,968,347","Barbara Bel Geddes, James Stewart, Kim Novak"
111. Amélie,2001,8.3 (815K),"Feel-Good Romance, Quirky Comedy, Romantic Comedy, Comedy, Romance","Mathieu Kassovitz, Jean-Pierre Jeunet, The Sacré-Coeur Boy, Yann Tiersen, Guillaume Laurant, Rufus, Neil Hannon, Audrey Tautou","Gross worldwide$175,183,052","Rufus, Mathieu Kassovitz, Audrey Tautou"
112. A Clockwork Orange,1971,8.2 (907K),"Dark Comedy, Dystopian Sci-Fi, Crime, Sci-Fi","Anthony Burgess, Ludwig van Beethoven, Malcolm McDowell, Michael Bates, Patrick Magee, Stanley Kubrick, Alex","Gross worldwide$27,034,174","Malcolm McDowell, Michael Bates, Patrick Magee"
113. A Separation,2011,8.3 (268K),"Legal Drama, Psychological Drama, Drama","Asghar Farhadi, Sareh Bayat, Payman Maadi, Simin, Leila Hatami, Nader","Gross worldwide$22,926,076","Leila Hatami, Sareh Bayat, Payman Maadi"
114. To Kill a Mockingbird,1962,8.3 (342K),"Legal Drama, Period Drama, Crime, Drama","Jem, Frank Overton, Gregory Peck, Atticus Finch, Harper Lee, Horton Foote, John Megna, Robert Mulligan","Gross worldwide$602,810","John Megna, Gregory Peck, Frank Overton"
115. Oppenheimer,2023,8.3 (865K),"Docudrama, Epic, Historical Epic, Period Drama, Psychological Drama, Biography, Drama, History","Cillian Murphy, J. Robert Oppenheimer, Gerhard Narholz, Emily Blunt, Albert Einstein, Les Brown and His Band of Renown, Matt Damon, Kai Bird, Christopher Nolan, Martin Sherwin","Gross worldwide$975,811,333","Emily Blunt, Cillian Murphy, Matt Damon"
116. Die Hard,1988,8.2 (985K),"Disaster, One-Person Army Action, Action, Holiday, Thriller","Steven E. de Souza, John McClane, Bruce Willis, Arthur Freed, Bonnie Bedelia, Jeb Stuart, Nacio Herb Brown, Roderick Thorp, Alan Rickman, John McTiernan","Gross worldwide$143,651,650","Alan Rickman, Bruce Willis, Bonnie Bedelia"
117. The Sting,1973,8.3 (289K),"Caper, Comedy, Crime, Drama","Charles Durning, Henry Gondorff, Johnny Hooker, George Roy Hill, Scott Joplin, Paul Newman, Marvin Hamlisch, Eileen Brennan, David S. Ward, Robert Shaw, Robert Redford","Gross worldwide$156,000,000","Robert Shaw, Robert Redford, Paul Newman"
118. Like Stars on Earth,2007,8.3 (216K),"Drama, Family","Vivienne Pocha, Amole Gupte, Dominique Cerejo, Ram Shankar Nikumbh, Loy Mendonsa, Tisca Chopra, Aamir Khan, Prasoon Joshi, Shankar Mahadevan, Ehsaan Noorani, Amitabh Bachchan, Abhishek Bachchan, Darsheel Safary","Gross worldwide$21,897,373","Tisca Chopra, Aamir Khan, Darsheel Safary"
119. Indiana Jones and the Last Crusade,1989,8.2 (834K),"Adventure Epic, Desert Adventure, Globetrotting Adventure, Quest, Action, Adventure","Jeffrey Boam, Sean Connery, Alison Doody, Harrison Ford, Leo Robin, Benny Goodman, Vic Armstrong, Ralph Rainger, Indiana Jones, Menno Meyjes, George Lucas, Steven Spielberg","Gross worldwide$474,171,806","Sean Connery, Harrison Ford, Alison Doody"
120. Metropolis,1927,8.3 (193K),"Dystopian Sci-Fi, Epic, Sci-Fi Epic, Steampunk, Drama, Sci-Fi","Alfred Abel, Fritz Lang, Maria, Gustav Fröhlich, Thea von Harbou, Brigitte Helm","Gross worldwide$1,350,322","Alfred Abel, Gustav Fröhlich, Brigitte Helm"
121. Snatch,2000,8.2 (940K),"Caper, Dark Comedy, Gangster, Comedy, Crime","Brad Pitt, Dr. Chug, Guy Ritchie, Stephen Graham, Overseer, Jason Statham, Turkish","Gross worldwide$83,557,872","Stephen Graham, Brad Pitt, Jason Statham"
122. 1917,2019,8.2 (721K),"Epic, Period Drama, War Epic, Action, Drama, War","Daniel Mays, Dean-Charles Chapman, Craig Leon, General Erinmore, Lee Smith, Sam Mendes, Jos Slovick, Krysty Wilson-Cairns, George MacKay","Gross worldwide$446,064,352","Daniel Mays, Dean-Charles Chapman, George MacKay"
123. L.A. Confidential,1997,8.2 (638K),"Conspiracy Thriller, Cop Drama, Hard-boiled Detective, Period Drama, Police Procedural, Suspense Mystery, Whodunnit, Crime, Drama, Mystery","James Ellroy, Johnny Mercer, Harold Arlen, Guy Pearce, Brian Helgeland, Russell Crowe, Kevin Spacey, Captain Dudley Smith, Curtis Hanson","Gross worldwide$126,216,940","Russell Crowe, Kevin Spacey, Guy Pearce"
124. Bicycle Thieves,1948,8.2 (184K),"Tragedy, Drama","Luigi Bartolini, Vittorio De Sica, Enzo Staiola, Oreste Biancoli, Lamberto Maggiorani, Cesare Zavattini, Antonio Ricci, Lianella Carell","Gross worldwide$451,336","Lamberto Maggiorani, Enzo Staiola, Lianella Carell"
125. Downfall,2004,8.2 (386K),"Docudrama, Political Drama, Tragedy, Biography, Drama, History, War","Alexandra Maria Lara, General der Infanterie Wilhelm Burgdorf, Traudl Junge, Stephan Zacharias, Bernd Eichinger, Bruno Ganz, Adolf Hitler, Henry Purcell, Horst Liebenau, Oliver Hirschbiegel, Ulrich Matthes, Joachim Fest","Gross worldwide$92,181,574","Bruno Ganz, Ulrich Matthes, Alexandra Maria Lara"
126. Dangal,2016,8.3 (223K),"Action, Biography, Drama, Sport","Sartaz Khan Barna, Piyush Gupta, Kheta Khan, Mahavir Singh Phogat, Fatima Sana Shaikh, Amitabh Bhattacharya, Sakshi Tanwar, Aamir Khan, Shreyas Jain, Pritam Chakraborty, Nikhil Mehrotra, Sarwar Khan, Nitesh Tiwari, Dayam Khan","Gross worldwide$303,726,694","Fatima Sana Shaikh, Aamir Khan, Sakshi Tanwar"
127. Taxi Driver,1976,8.2 (971K),"Psychological Drama, Crime, Drama","Cybill Shepherd, Travis Bickle, Martin Scorsese, Jackson Browne, Robert De Niro, Paul Schrader, Jodie Foster","Gross worldwide$28,580,862","Cybill Shepherd, Robert De Niro, Jodie Foster"
128. Hamilton,2020,8.3 (126K),"Epic, Biography, Drama, History, Musical","Okieriete Onaodowan, Phillipa Soo, Thomas Kail, King George, Lin-Manuel Miranda, Ron Chernow, Chris Jackson, Daveed Diggs, Anthony Ramos, Leslie Odom Jr.",Unknown,"Leslie Odom Jr., Phillipa Soo, Lin-Manuel Miranda"
129. The Wolf of Wall Street,2013,8.2 (1.7M),"Dark Comedy, Docudrama, Epic, Raunchy Comedy, Satire, True Crime, Biography, Comedy, Crime, Drama","Jordan Belfort, Theodore Shapiro, Max Belfort, Terence Winter, Margot Robbie, Matthew McConaughey, Jonah Hill, Donnie Azoff, Leonardo DiCaprio, Martin Scorsese","Gross worldwide$407,039,432","Margot Robbie, Leonardo DiCaprio, Jonah Hill"
130. Batman Begins,2005,8.2 (1.6M),"Action Epic, Epic, Superhero, Tragedy, Action, Drama","Julius Rudel, Bob Kane, Michael Caine, Christian Bale, David S. Goyer, The Ambrosian Singers, London Symphony Orchestra, Arrigo Boito, Christopher Nolan, Henri Ducard, Ken Watanabe","Gross worldwide$375,406,308","Michael Caine, Christian Bale, Ken Watanabe"
131. Green Book,2018,8.2 (627K),"Docudrama, Period Drama, Road Trip, Biography, Comedy, Drama, Music","Johnny Mercer, Linda Cardellini, Harold Arlen, Viggo Mortensen, Peter Farrelly, Brian Hayes Currie, Mahershala Ali, Tony Lip, Nick Vallelonga","Gross worldwide$321,752,656","Mahershala Ali, Linda Cardellini, Viggo Mortensen"
132. For a Few Dollars More,1965,8.2 (286K),"One-Person Army Action, Spaghetti Western, Drama, Western","Clint Eastwood, Monco, Ennio Morricone, Lee Van Cleef, Luciano Vincenzoni, Sergio Leone, Gian Maria Volontè, Alberto Grimaldi, Col. Douglas Mortimer, Fulvio Morsella","Gross worldwide$15,000,000","Clint Eastwood, Gian Maria Volontè, Lee Van Cleef"
133. The Truman Show,1998,8.2 (1.3M),"Dark Comedy, High-Concept Comedy, Psychological Drama, Satire, Showbiz Drama, Comedy, Drama","Andrew Niccol, Ed Harris, Laura Linney, Wolfgang Amadeus Mozart, Peter Weir, Wilhelm Kempff, Truman, Jim Carrey","Gross worldwide$264,118,712","Laura Linney, Ed Harris, Jim Carrey"
134. Judgment at Nuremberg,1961,8.3 (90K),"Legal Drama, Drama, War","Stanley Kramer, Judge Dan Haywood, Hans Leip, Spencer Tracy, Montgomery Clift, Burt Lancaster, Abby Mann, Charles Dorat, Marlene Dietrich, Ernst Janning, Richard Widmark, Norbert Schultze","Gross worldwide$12,180","Richard Widmark, Burt Lancaster, Spencer Tracy"
135. Some Like It Hot,1959,8.2 (293K),"Buddy Comedy, Farce, Satire, Screwball Comedy, Comedy, Music, Romance","Robert Thoeren, Joe Grey, Jack Lemmon, Osgood, Gene Cipriano, I.A.L. Diamond, Leo Wood, Billy Wilder, A.H. Gibbs, Jerry, Marilyn Monroe, Alton Hendrickson, Tony Curtis","Gross worldwide$208,786","Marilyn Monroe, Jack Lemmon, Tony Curtis"
136. The Kid,1921,8.2 (140K),"Buddy Comedy, Slapstick, Comedy, Drama, Family","Edna Purviance, Jackie Coogan, Charles Chaplin, Roland Totheroh","Gross worldwide$41,979","Edna Purviance, Jackie Coogan, Charles Chaplin"
137. Shutter Island,2010,8.2 (1.5M),"Psychological Thriller, Suspense Mystery, Drama, Mystery, Thriller","Emily Mortimer, György Ligeti, Mark Ruffalo, Teddy Daniels, Berliner Philharmoniker, Laeta Kalogridis, Leonardo DiCaprio, Gustav Mahler, Dennis Lehane, Martin Scorsese, Chuck Aule, Jonathan Nott","Gross worldwide$294,972,125","Emily Mortimer, Mark Ruffalo, Leonardo DiCaprio"
138. The Father,2020,8.2 (210K),"Psychological Drama, Drama, Mystery","Olivia Colman, Anthony, Christopher Hampton, Ludovico Einaudi, Redi Hasa, Mark Gatiss, Anthony Hopkins, Florian Zeller, Federico Mecozzi","Gross worldwide$24,048,935","Olivia Colman, Anthony Hopkins, Mark Gatiss"
139. All About Eve,1950,8.2 (144K),"Showbiz Drama, Drama","Bette Davis, Mary Orr, Franz Liszt, Joseph L. Mankiewicz, Margo, Anne Baxter, Gary Merrill, George Sanders","Gross worldwide$154,736","Bette Davis, Anne Baxter, George Sanders"
140. Jurassic Park,1993,8.2 (1.1M),"Dinosaur Adventure, Jungle Adventure, Action, Adventure, Sci-Fi, Thriller","Sam Neill, Dolores Guadalupe Olivares, John Hammond, Dr. Ian Malcolm, Laura Dern, Jeff Goldblum, Michael Crichton, David Koepp, Steven Spielberg","Gross worldwide$1,104,379,926","Jeff Goldblum, Sam Neill, Laura Dern"
141. There Will Be Blood,2007,8.2 (666K),"Epic, Period Drama, Psychological Drama, Tragedy, Drama","Robert Ziegler, Dillon Freasier, Ciarán Hinds, Daniel Plainview, Upton Sinclair, Jonny Greenwood, Paul Dano, Daniel Day-Lewis, Paul Thomas Anderson, Eli Sunday, BBC Concert Orchestra","Gross worldwide$76,430,381","Daniel Day-Lewis, Ciarán Hinds, Paul Dano"
142. Casino,1995,8.2 (588K),"Docudrama, Epic, Gangster, True Crime, Crime, Drama","Johann Sebastian Bach, Georg Solti, Martin Scorsese, Joe Pesci, Sharon Stone, Robert De Niro, Chicago Symphony Orchestra, Nicholas Pileggi, Ace Rothstein","Gross worldwide$116,112,375","Robert De Niro, Sharon Stone, Joe Pesci"
143. The Sixth Sense,1999,8.2 (1.1M),"Psychological Drama, Psychological Thriller, Suspense Mystery, Drama, Mystery, Thriller","M. Night Shyamalan, Bruce Willis, Haley Joel Osment, Sammy Cahn, Jule Styne, Cole Sear, Malcolm Crowe, Chet Baker, Toni Collette","Gross worldwide$672,806,432","Toni Collette, Bruce Willis, Haley Joel Osment"
144. Ran,1985,8.2 (142K),"Epic, Samurai, Tragedy, War Epic, Action, Drama, War","Akira Terao, Masato Ide, Akira Kurosawa, Tatsuya Nakadai, Yôko Yaguchi, Kyoami, Hideo Oguni, Jinpachi Nezu","Gross worldwide$4,174,860","Akira Terao, Tatsuya Nakadai, Jinpachi Nezu"
145. Top Gun: Maverick,2022,8.2 (763K),"Action Epic, Epic, Action, Drama","Miles Teller, Tom Cruise, Tom Whitlock, Jack Epps Jr., Joseph Kosinski, Rear Admiral, Giorgio Moroder, Jim Cash, Kenny Loggins, Peter Craig, Maverick, Jennifer Connelly","Gross worldwide$1,495,696,292","Miles Teller, Tom Cruise, Jennifer Connelly"
146. No Country for Old Men,2007,8.2 (1.1M),"Contemporary Western, Serial Killer, Crime, Drama, Thriller","Milton Hernandez, Cormac McCarthy, Anton Chigurh, Ethan Coen, John Mancha, Tommy Lee Jones, David A. Gomez, Angel H. Alvarado Jr., Gas Station Proprietor, Joel Coen, Josh Brolin, Javier Bardem","Gross worldwide$171,632,777","Tommy Lee Jones, Javier Bardem, Josh Brolin"
147. The Thing,1982,8.2 (494K),"Alien Invasion, Body Horror, Monster Horror, Supernatural Horror, Tragedy, Horror, Mystery, Sci-Fi","Billie Holiday, Keith David, Bill Lancaster, John Carpenter, Garry, John W. Campbell Jr., Kurt Russell, Arthur Herzog Jr., Wilford Brimley","Gross worldwide$20,836,881","Keith David, Kurt Russell, Wilford Brimley"
148. Pan's Labyrinth,2006,8.2 (722K),"Coming-of-Age, Dark Fantasy, Fairy Tale, Period Drama, Supernatural Fantasy, Teen Fantasy, Tragedy, Drama, Fantasy, War","Ariadna Gil, Guillermo del Toro, Sergi López, Doug Jones, Capitán Vidal, Mercedes, Ivana Baquero, Javier Navarrete","Gross worldwide$83,863,565","Ariadna Gil, Ivana Baquero, Sergi López"
149. Unforgiven,1992,8.2 (452K),"Period Drama, Tragedy, Drama, Western","Clint Eastwood, Lennie Niehaus, Morgan Freeman, Will Munny, Little Bill Daggett, Gene Hackman, Sergio Leone, David Webb Peoples, Don Siegel","Gross worldwide$159,167,799","Clint Eastwood, Gene Hackman, Morgan Freeman"
150. A Beautiful Mind,2001,8.2 (1M),"Docudrama, Period Drama, Psychological Drama, Biography, Drama, Mystery","Sylvia Nasar, Akiva Goldsman, Ed Harris, Ron Howard, Charlotte Church, Dr. Rosen, Russell Crowe, Will Jennings, Jennifer Connelly, John Nash, James Horner","Gross worldwide$316,791,257","Russell Crowe, Ed Harris, Jennifer Connelly"
151. Kill Bill: Vol. 1,2003,8.2 (1.2M),"Kung Fu, Martial Arts, One-Person Army Action, Action, Crime, Thriller","Sonny Bono, Daryl Hannah, David Carradine, Uma Thurman, Quentin Tarantino, Hattori Hanzo, Shin'ichi Chiba, Nancy Sinatra, Chiaki Kuriyama","Gross worldwide$180,908,413","Daryl Hannah, David Carradine, Uma Thurman"
152. The Treasure of the Sierra Madre,1948,8.2 (137K),"Tragedy, Adventure, Drama, Western","Walter Huston, Humphrey Bogart, Gold Hat, Charles Dorat, John Huston, B. Traven, Tim Holt","Gross worldwide$5,014,000","Walter Huston, Humphrey Bogart, Tim Holt"
153. Prisoners,2013,8.2 (862K),"Psychological Thriller, Suspense Mystery, Crime, Drama, Mystery, Thriller","Denis Villeneuve, Ocean, Hugh Jackman, Gene MacLellan, Jake Gyllenhaal, Keller Dover, Aaron Guzikowski, Viola Davis","Gross worldwide$122,127,446","Hugh Jackman, Jake Gyllenhaal, Viola Davis"
154. Yojimbo,1961,8.2 (137K),"One-Person Army Action, Period Drama, Samurai, Action, Drama, Thriller","Eijirô Tôno, Toshirô Mifune, Akira Kurosawa, Tatsuya Nakadai, Ryûzô Kikushima, Sanjuro","Gross worldwide$68,196","Toshirô Mifune, Eijirô Tôno, Tatsuya Nakadai"
155. Finding Nemo,2003,8.2 (1.2M),"Animal Adventure, Buddy Comedy, Computer Animation, Quest, Sea Adventure, Adventure, Animation, Comedy, Family","Alexander Gould, Vinicius de Moraes, Norman Gimbel, Andrew Stanton, Dory, Bob Peterson, Albert Brooks, Ellen DeGeneres, David Reynolds, Antonio Carlos Jobim, Lee Unkrich, John Lasseter","Gross worldwide$941,637,960","Albert Brooks, Ellen DeGeneres, Alexander Gould"
156. The Great Escape,1963,8.2 (267K),"Period Drama, Prison Drama, War Epic, Adventure, Drama, Thriller, War","John Sturges, James Clavell, Steve McQueen, Paul Brickhill, W.R. Burnett, Von Luger, James Garner, Richard Attenborough","Gross worldwide$230,637","Richard Attenborough, Steve McQueen, James Garner"
157. Monty Python and the Holy Grail,1975,8.2 (585K),"Farce, Parody, Quest, Satire, Sketch Comedy, Slapstick, Sword & Sorcery, Adventure, Comedy, Fantasy","Graham Chapman, Led Zeppelin, Dennis, Eric Idle, Woman, Pink Floyd, Terry Gilliam, Terry Jones, Genesis, Monty Python, Neil Innes, King Arthur, John Cleese","Gross worldwide$2,817,496","Graham Chapman, Eric Idle, John Cleese"
158. Howl's Moving Castle,2004,8.2 (478K),"Adventure Epic, Anime, Hand-Drawn Animation, Supernatural Fantasy, Adventure, Animation, Family, Fantasy","Takuya Kimura, Christian Bale, Diana Wynne Jones, Yumi Kimura, Chieko Baishô, Hayao Miyazaki, Young Sophie, Tatsuya Gashûin, Howl, Joe Hisaishi, Shuntarô Tanikawa","Gross worldwide$240,909,277","Chieko Baishô, Takuya Kimura, Tatsuya Gashûin"
159. The Elephant Man,1980,8.2 (271K),"Docudrama, Period Drama, Tragedy, Biography, Drama","Samuel Barber, Christopher De Vore, John Merrick, Eric Bergren, London Symphony Orchestra, André Previn, Anne Bancroft, John Hurt, David Lynch, Anthony Hopkins, Mel Brooks","Gross worldwide$26,034,325","Anthony Hopkins, John Hurt, Anne Bancroft"
160. Dial M for Murder,1954,8.2 (197K),"Crime, Drama, Mystery, Thriller","Mark Halliday, Cary Grant, Charles Dorat, Grace Kelly, Alfred Hitchcock, Tony Wendice, Frederick Knott, Ray Milland, Margot Mary Wendice, Robert Cummings","Gross worldwide$45,313","Grace Kelly, Robert Cummings, Ray Milland"
161. I'm Still Here,2024,8.4 (94K),"Docudrama, Period Drama, Political Drama, Biography, Drama, History","Eunice Paiva, Murilo Hauser, Selton Mello, Léo Maia, Marcelo Rubens Paiva, Walter Salles, Fernanda Torres, Martha, Tim Maia, Fernanda Montenegro, Heitor Lorega","Gross worldwide$34,593,378","Fernanda Torres, Fernanda Montenegro, Selton Mello"
162. Gone with the Wind,1939,8.2 (345K),"Costume Drama, Epic, Period Drama, Romantic Epic, Tragic Romance, War Epic, Drama, Romance, War","Alfred Newman, Sidney Howard, Rhett Butler, Thomas Mitchell, Margaret Mitchell, Scarlett, Oliver H.P. Garrett, Vivien Leigh, Hattie McDaniel, Clark Gable, Victor Fleming","Gross worldwide$402,382,193","Thomas Mitchell, Clark Gable, Vivien Leigh"
163. Rashomon,1950,8.2 (188K),"Period Drama, Crime, Drama, Mystery","Fumio Hayasaka, Toshirô Mifune, Akira Kurosawa, Commoner, Maurice Ravel, Machiko Kyô, Shinobu Hashimoto, Ryûnosuke Akutagawa, Masayuki Mori","Gross worldwide$139,819","Toshirô Mifune, Machiko Kyô, Masayuki Mori"
164. Klaus,2019,8.2 (212K),"Hand-Drawn Animation, Holiday Animation, Holiday Comedy, Holiday Family, Adventure, Animation, Comedy, Family, Fantasy, Holiday","Zara Larsson, Klaus, Justin Tranter, Sergio Pablos, Jim Mahoney, Caroline Pennell, Carlos Martínez López, Zach Lewis, Jussifer, Jason Schwartzman, Rashida Jones, J.K. Simmons",Unknown,"Jason Schwartzman, Rashida Jones, J.K. Simmons"
165. Chinatown,1974,8.1 (363K),"Conspiracy Thriller, Hard-boiled Detective, Psychological Drama, Psychological Thriller, Tragedy, Drama, Mystery, Thriller","Bunny Berigan and His Orchestra, Faye Dunaway, Walsh, Vernon Duke, Jack Nicholson, John Huston, Ira Gershwin, Robert Towne, Roman Polanski","Gross worldwide$29,231,954","Faye Dunaway, Jack Nicholson, John Huston"
166. The Secret in Their Eyes,2009,8.2 (231K),"Dark Romance, Erotic Thriller, Legal Thriller, Period Drama, Psychological Drama, Psychological Thriller, Suspense Mystery, Tragedy, Whodunnit, Drama","Pablo Sandoval, Emilio Kauderer, Juan José Campanella, Pablo Rago, Soledad Villamil, Eduardo Sacheri, Ricardo Darín","Gross worldwide$35,079,650","Pablo Rago, Soledad Villamil, Ricardo Darín"
"167. Lock, Stock and Two Smoking Barrels",1998,8.1 (632K),"Farce, Comedy, Crime","Bacon, Damon Minchella, Lenny McLean, Simon Fowler, Steve Cradock, Ocean Colour Scene, Jason Flemyng, Guy Ritchie, Nick Moran, Dexter Fletcher, Oscar Harrison","Gross worldwide$3,753,929","Nick Moran, Dexter Fletcher, Jason Flemyng"
168. V for Vendetta,2005,8.1 (1.2M),"Dystopian Sci-Fi, Political Thriller, Superhero, Action, Drama, Sci-Fi, Thriller","David Lloyd, Lana Wachowski, Hugo Weaving, James McTeigue, Natalie Portman, Rupert Graves, Zakk Wylde, Lilly Wachowski, V, Black Label Society","Gross worldwide$134,686,457","Hugo Weaving, Natalie Portman, Rupert Graves"
169. Inside Out,2015,8.1 (859K),"Coming-of-Age, Computer Animation, Adventure, Animation, Comedy, Drama, Family, Fantasy","Lewis Black, Amy Poehler, Buddy Baker, Gaylord Carter, Bill Hader, Xavier Atencio, Bing Bong, Ronnie Del Carmen, Pete Docter, Meg LeFauve","Gross worldwide$859,076,254","Bill Hader, Lewis Black, Amy Poehler"
170. The Wild Robot,2024,8.2 (151K),"Artificial Intelligence, Computer Animation, Survival, Animation, Sci-Fi","Jordan Johnson, Stefan Johnson, Isaiah Tejada, Lupita Nyong'o, Peter Brown, Roz, Monsters & Strangerz, Kris Bowers, Ali Tamposi, Chris Sanders, Michael Pollack, Delacey, Kit Connor, Pedro Pascal, Maren Morris","Gross worldwide$333,165,945","Pedro Pascal, Kit Connor, Lupita Nyong'o"
"171. Three Billboards Outside Ebbing, Missouri",2017,8.1 (579K),"Dark Comedy, Satire, Comedy, Crime, Drama","Martin McDonagh, Desk Sergeant, Jeffrey Tate, Renée Fleming, Thomas Moore, Sam Rockwell, Frances McDormand, Friedrich von Flotow, English Chamber Orchestra, Woody Harrelson, Dixon, Mildred Hayes","Gross worldwide$162,729,321","Sam Rockwell, Frances McDormand, Woody Harrelson"
172. The Bridge on the River Kwai,1957,8.1 (240K),"Jungle Adventure, War Epic, Adventure, Drama, War","Michael Wilson, Geoffrey Horne, John Scott, Carl Foreman, Pierre Boulle, David Lean, William Holden, Jack Hawkins, Malcolm Arnold, Alec Guinness, Kenneth Alford, Colonel Nicholson","Gross worldwide$27,201,366","Jack Hawkins, Alec Guinness, William Holden"
173. Trainspotting,1996,8.1 (746K),"Dark Comedy, Psychological Drama, Drama","Iggy Pop, Danny Boyle, Irvine Welsh, Ewen Bremner, Jonny Lee Miller, John Hodge, David Bowie, Ewan McGregor, Mark ""Rent-boy"" Renton","Gross worldwide$16,981,823","Ewen Bremner, Jonny Lee Miller, Ewan McGregor"
174. Raging Bull,1980,8.1 (393K),"Boxing, Docudrama, Period Drama, Biography, Drama, Sport","Peter Savage, Joseph Carter, Arturo Basile, Jake La Motta, Orchestra del Teatro Comunale di Bologna, Cathy Moriarty, Joe Pesci, Vicki LaMotta, Pietro Mascagni, Jake LaMotta, Robert De Niro, Martin Scorsese","Gross worldwide$23,405,883","Robert De Niro, Cathy Moriarty, Joe Pesci"
175. Catch Me If You Can,2002,8.1 (1.2M),"Caper, Coming-of-Age, Docudrama, Globetrotting Adventure, Period Drama, True Crime, Biography, Crime, Drama","Frank Abagnale Jr., Paul Alter, Fiorello LaGuardia, Jeff Nathanson, Tom Hanks, Stan Redding, Robert Israel, Leonardo DiCaprio, Steven Spielberg, Frank Abagnale Sr., Christopher Walken","Gross worldwide$352,114,312","Tom Hanks, Leonardo DiCaprio, Christopher Walken"
176. Fargo,1996,8.1 (751K),"Cop Drama, Dark Comedy, Police Procedural, Tragedy, Crime, Drama, Thriller","Marge Gunderson, Hal David, Burt Bacharach, Ethan Coen, Frances McDormand, Steve Buscemi, Joel Coen, William H. Macy","Gross worldwide$60,611,975","Steve Buscemi, William H. Macy, Frances McDormand"
177. Warrior,2011,8.1 (512K),"Boxing, Action, Drama, Sport","Tom Hardy, Cliff Dorfman, The National, Joel Edgerton, Matt Berninger, Nick Nolte, Aaron Dessner, Tom Conlon, Anthony Tambakis, Gavin O'Connor, Brendan Conlon, Referee Josh Rosenthal","Gross worldwide$23,308,615","Nick Nolte, Tom Hardy, Joel Edgerton"
178. Harry Potter and the Deathly Hallows: Part 2,2011,8.1 (990K),"Dark Fantasy, Fantasy Epic, Teen Adventure, Teen Fantasy, Adventure, Family, Fantasy, Mystery","Rupert Grint, Daniel Radcliffe, Steve Kloves, Emma Watson, David Yates, Molly Weasley, Ralph Fiennes, J.K. Rowling","Gross worldwide$1,342,499,744","Rupert Grint, Emma Watson, Daniel Radcliffe"
179. Gran Torino,2008,8.1 (835K),Drama,"Clint Eastwood, Duke, Christopher Carley, Dave Johannson, Nick Schenk, Walt Kowalski, Bee Vang, Jamie Cullum, Kyle Eastwood, Michael Stevens","Gross worldwide$269,958,228","Clint Eastwood, Christopher Carley, Bee Vang"
180. Million Dollar Baby,2004,8.1 (743K),"Boxing, Tragedy, Drama, Sport","Clint Eastwood, Frankie Dunn, Morgan Freeman, Lucia Rijker, Paul Haggis, Eddie Scrap-Iron Dupris, Hilary Swank, F.X. Toole","Gross worldwide$216,763,646","Clint Eastwood, Hilary Swank, Morgan Freeman"
181. My Neighbor Totoro,1988,8.1 (403K),"Anime, Hand-Drawn Animation, Iyashikei, Animation, Comedy, Family, Fantasy","Hitoshi Takagi, Hayao Miyazaki, Chika Sakamoto, Noriko Hidaka, Tatsuo Kusakabe, Joe Hisaishi","Gross worldwide$30,370,646","Hitoshi Takagi, Chika Sakamoto, Noriko Hidaka"
182. Spider-Man: No Way Home,2021,8.2 (939K),"Superhero, Supernatural Fantasy, Urban Adventure, Action, Adventure, Fantasy, Sci-Fi","Benedict Cumberbatch, David Byrne, Erik Sommers, Peter Parker, Zendaya, Brian Eno, Talking Heads, Jon Watts, Chris McKenna, Tom Holland, Stan Lee, Matt Murdock","Gross worldwide$1,952,732,181","Benedict Cumberbatch, Tom Holland, Zendaya"
183. Mad Max: Fury Road,2015,8.1 (1.2M),"Action Epic, Adventure Epic, Car Action, Desert Adventure, Dystopian Sci-Fi, Epic, Quest, Road Trip, Action, Adventure","Nick Lathouris, George Miller, Nicholas Hoult, Iota, Tom Hardy, Nux, Brendan McCarthy, Charlize Theron, Eleni Karaindrou","Gross worldwide$380,437,267","Nicholas Hoult, Charlize Theron, Tom Hardy"
184. Ben-Hur,1959,8.1 (261K),"Adventure Epic, Epic, Period Drama, Sword & Sandal, Adventure, Drama","Stephen Boyd, Yakima Canutt, Charlton Heston, Gore Vidal, Jack Hawkins, Sextus, Karl Tunberg, Lew Wallace, William Wyler, Miklós Rózsa, Joe Canutt","Gross worldwide$74,439,376","Jack Hawkins, Charlton Heston, Stephen Boyd"
185. Children of Heaven,1997,8.2 (85K),"Drama, Family, Sport","Majid Majidi, Bahare Seddiqi, Zahra, Reza Naji, Ali, Amir Farrokh Hashemian","Gross worldwide$933,933","Bahare Seddiqi, Amir Farrokh Hashemian, Reza Naji"
186. Barry Lyndon,1975,8.1 (192K),"Costume Drama, Dark Comedy, Epic, Period Drama, Adventure, Drama, War","Marisa Berenson, William Makepeace Thackeray, Anthony Goldstone, Franz Schubert, Moray Welsh, Patrick Magee, Stanley Kubrick, Ryan O'Neal, Ralph Holmes","Gross worldwide$280,093","Ryan O'Neal, Marisa Berenson, Patrick Magee"
187. 12 Years a Slave,2013,8.1 (761K),"Costume Drama, Docudrama, Epic, Period Drama, Tragedy, Biography, Drama, History","John Ridley, Steve McQueen, Nicholas Britell, Bass, Jack Williamson, Michael Kenneth Williams, Chiwetel Ejiofor, Michael Fassbender, Roosevelt Credit, Edwin Epps, David Hughey, Solomon Northup","Gross worldwide$187,734,091","Chiwetel Ejiofor, Michael Fassbender, Michael Kenneth Williams"
188. Before Sunrise,1995,8.1 (356K),"Drama, Romance","Richard Linklater, Andrea Eckert, Ethan Hawke, Julie Delpy, Kim Krizan, Celine, Henry Purcell","Gross worldwide$6,568,101","Andrea Eckert, Ethan Hawke, Julie Delpy"
189. Dead Poets Society,1989,8.1 (585K),"Coming-of-Age, Teen Drama, Comedy, Drama","Tom Schulman, John Keating, Robert Sean Leonard, McAllister, Stuttgarter Kammerorchester, Robin Williams, Ethan Hawke, Peter Weir, George Frideric Handel, Karl Münchinger","Gross worldwide$235,860,116","Robert Sean Leonard, Robin Williams, Ethan Hawke"
190. Blade Runner,1982,8.1 (850K),"Artificial Intelligence, Cyber Thriller, Cyberpunk, Dystopian Sci-Fi, Action, Drama, Sci-Fi, Thriller","Daryl Hannah, Harrison Ford, Ridley Scott, Philip K. Dick, Gail Laughton, Sean Young, Batty, David Webb Peoples, Hampton Fancher, Rutger Hauer","Gross worldwide$41,759,489","Sean Young, Harrison Ford, Rutger Hauer"
191. The Grand Budapest Hotel,2014,8.1 (921K),"Caper, Quirky Comedy, Adventure, Comedy, Crime","Stefan Zweig, M. Gustave, Hugo Guinness, Mathieu Amalric, Harvey Keitel, Wes Anderson, F. Murray Abraham, Ralph Fiennes, Tony Revolori","Gross worldwide$174,567,384","F. Murray Abraham, Ralph Fiennes, Mathieu Amalric"
192. Hacksaw Ridge,2016,8.1 (631K),"Docudrama, Epic, Period Drama, War Epic, Biography, Drama, History, War","Desmond T. Doss, Fanny Crosby, Andrew Knight, Mel Gibson, Robert Schenkkan, Andrew Garfield, Howard Doane, Desmond Doss, Luke Bracey, Sam Worthington","Gross worldwide$180,563,636","Andrew Garfield, Luke Bracey, Sam Worthington"
193. Gone Girl,2014,8.1 (1.1M),"Erotic Thriller, Psychological Drama, Psychological Thriller, Suspense Mystery, Tragedy, Whodunnit, Drama, Mystery, Thriller","Neil Patrick Harris, Gillian Flynn, David Fincher, Ben Affleck, Nick Dunne, Rosamund Pike, Cy Curnin, The Fixx","Gross worldwide$370,890,259","Neil Patrick Harris, Ben Affleck, Rosamund Pike"
194. Memories of Murder,2003,8.1 (237K),"Dark Comedy, Korean Drama, Police Procedural, Serial Killer, True Crime, Crime, Drama, Mystery, Thriller","Kwang-rim Kim, Kim Roe-ha, Bong Joon Ho, Sung-bo Shim, Kim Sang-kyung, Song Kang-ho, Detective Park Doo-Man","Gross worldwide$1,210,156","Kim Sang-kyung, Kim Roe-ha, Song Kang-ho"
195. In the Name of the Father,1993,8.1 (195K),"Docudrama, Legal Drama, Period Drama, Prison Drama, Tragedy, True Crime, Biography, Crime, Drama","Gavin Friday, Jim Sheridan, Terry George, Pete Postlethwaite, Maurice Seezer, Gerry Conlon, Bono, Daniel Day-Lewis, Alison Crosbie","Gross worldwide$65,796,862","Daniel Day-Lewis, Pete Postlethwaite, Alison Crosbie"
"196. Monsters, Inc.",2001,8.1 (1M),"Buddy Comedy, Computer Animation, Satire, Slapstick, Supernatural Fantasy, Urban Adventure, Adventure, Animation, Comedy, Family","John Goodman, Randy Newman, Chris Montan, Jill Culton, David Silverman, Sulley, Billy Crystal, Frank Wolf, Mary Gibbs, Boo, Pete Docter, Jeff Pidgeon, Lee Unkrich","Gross worldwide$579,770,299","Billy Crystal, John Goodman, Mary Gibbs"
197. Ratatouille,2007,8.1 (876K),"Animal Adventure, Computer Animation, Satire, Adventure, Animation, Comedy, Family, Fantasy","Brad Garrett, Boualem Lamhene, Jim Capobianco, Camille, Lou Romano, Brad Bird, Michael Giacchino, Jan Pinkava, Dan Wallin, Gusteau, Patton Oswalt","Gross worldwide$623,729,380","Brad Garrett, Lou Romano, Patton Oswalt"
198. The Gold Rush,1925,8.1 (123K),"Farce, Feel-Good Romance, Romantic Comedy, Slapstick, Adventure, Comedy, Drama, Romance, Western","Mack Swain, Tom Murray, Georgia, Charles Chaplin","Gross worldwide$31,490","Mack Swain, Tom Murray, Charles Chaplin"
199. Wild Tales,2014,8.1 (227K),"Dark Comedy, Comedy, Drama, Thriller","Helen St. John, Julian Loyola, Germán Servidio, Giorgio Moroder, María Marull, Mónica Villa, Damián Szifron, Mauricio, Darío Grandinetti","Gross worldwide$31,478,893","Mónica Villa, Darío Grandinetti, María Marull"
200. How to Train Your Dragon,2010,8.1 (837K),"Computer Animation, Sword & Sorcery, Teen Fantasy, Action, Adventure, Animation, Family, Fantasy","Gerard Butler, William Davies, Hiccup, Alex Somers, Jon Thor Birgisson, Christopher Mintz-Plasse, Dean DeBlois, Jay Baruchel, Chris Sanders","Gross worldwide$494,879,860","Christopher Mintz-Plasse, Gerard Butler, Jay Baruchel"
201. Sherlock Jr.,1924,8.2 (61K),"Bumbling Detective, Farce, Feel-Good Romance, Slapstick, Action, Comedy, Romance","Clyde Bruckman, Buster Keaton, Kathryn McGuire, Jean C. Havez, Joseph A. Mitchell, Projectionist, Vince Giordano and The Nighthawks, Joe Keaton",Gross worldwide$399,"Kathryn McGuire, Joe Keaton, Buster Keaton"
202. Jaws,1975,8.1 (690K),"Monster Horror, Sea Adventure, Survival, Adventure, Drama, Horror, Thriller","Jeffrey Voorhees, Mike Haydn, Lee Fierro, Richard Dreyfuss, Peter Benchley, Brody, Roy Scheider, Carl Gottlieb, Robert Shaw, Steven Spielberg","Gross worldwide$477,916,625","Richard Dreyfuss, Roy Scheider, Robert Shaw"
203. Mary and Max,2009,8.1 (195K),"Adult Animation, Coming-of-Age, Dark Comedy, Stop Motion Animation, Animation, Comedy, Drama","Simon Jeffes, Max Jerry Horovitz, Eric Bana, Penguin Cafe Orchestra, Philip Seymour Hoffman, Toni Collette, Adam Elliot","Gross worldwide$1,740,791","Philip Seymour Hoffman, Toni Collette, Eric Bana"
204. The Deer Hunter,1978,8.1 (374K),"Epic, War Epic, Drama, War","Frankie Valli, Michael Cimino, Louis Garfinkle, Deric Washburn, Bob Crewe, Michael, Bob Gaudio, Robert De Niro, John Cazale, Christopher Walken","Gross worldwide$49,080,126","Robert De Niro, John Cazale, Christopher Walken"
205. The General,1926,8.1 (102K),"Farce, Slapstick, Action, Adventure, Comedy, Drama, War","Clyde Bruckman, Buster Keaton, Glen Cavender, Marion Mack, Al Boasberg, The Alloy Orchestra, Johnnie Gray, William P. Perry","Gross worldwide$1,344","Marion Mack, Buster Keaton, Glen Cavender"
206. Ford v Ferrari,2019,8.1 (516K),"Docudrama, Motorsport, Period Drama, Action, Biography, Drama, Sport","Jason Keller, Christian Bale, Carroll Shelby, Robert Nagle, Jon Bernthal, Jez Butterworth, John-Henry Butterworth, Matt Damon, The Paladins, James Mangold","Gross worldwide$226,299,480","Matt Damon, Christian Bale, Jon Bernthal"
207. The Wages of Fear,1953,8.1 (70K),"Psychological Drama, Survival, Adventure, Drama, Thriller","Henri-Georges Clouzot, Peter van Eyck, Georges Arnaud, Mario, Jérôme Géronimi, Charles Vanel, Yves Montand, Johann Strauss","Gross worldwide$22,326","Charles Vanel, Peter van Eyck, Yves Montand"
208. On the Waterfront,1954,8.1 (171K),"Legal Drama, Crime, Drama, Thriller","Elia Kazan, Marlon Brando, Malcolm Johnson, Karl Malden, Lee J. Cobb, Paul Newman, Richard Schickel, Robert Siodmak, Charley Malloy, Terry Malloy, Richard Wagner, Budd Schulberg","Gross worldwide$3,768","Karl Malden, Marlon Brando, Lee J. Cobb"
209. Mr. Smith Goes to Washington,1939,8.1 (125K),"Political Drama, Comedy, Drama","Frank Capra, Sidney Buchman, Lewis R. Foster, Jefferson Smith, James Stewart, Claude Rains, Jean Arthur, Myles Connolly, David T. Shaw","Gross worldwide$146,123","James Stewart, Claude Rains, Jean Arthur"
210. Wild Strawberries,1957,8.1 (120K),"Psychological Drama, Drama, Romance","Dr. Evald Borg, Ingrid Thulin, Victor Sjöström, Marianne Borg, Ingmar Bergman, Bibi Andersson","Gross worldwide$81,070","Bibi Andersson, Ingrid Thulin, Victor Sjöström"
211. Logan,2017,8.1 (883K),"Dystopian Sci-Fi, Road Trip, Superhero, Action, Drama, Sci-Fi, Thriller","Patrick Stewart, Hugh Jackman, Scott Frank, James Mangold, Dafne Keen, Logan, Michael Green","Gross worldwide$619,180,476","Hugh Jackman, Dafne Keen, Patrick Stewart"
212. The Third Man,1949,8.1 (189K),"Film Noir, Hard-boiled Detective, Whodunnit, Drama, Mystery, Thriller","Alida Valli, Alexander Korda, Joseph Cotten, Carol Reed, Orson Welles, Harry Lime, Graham Greene, Anton Karas","Gross worldwide$1,406,393","Alida Valli, Orson Welles, Joseph Cotten"
213. Rocky,1976,8.1 (655K),"Boxing, Drama, Sport","Valentine, John G. Avildsen, Sylvester Stallone, Irwin Winkler, Burt Reynolds, Robert Chartoff, James Crabe, Talia Shire, Rocky, Nick Nolte, Burt Young, Frank Stallone, James Caan, Ryan O'Neal, Robert Redford, Adrian","Gross worldwide$117,253,345","Sylvester Stallone, Burt Young, Talia Shire"
214. Maharaja,2024,8.4 (65K),"One-Person Army Action, Action, Crime, Drama, Thriller","Nithilan Saminathan, Anurag Kashyap, Vijay Sethupathi, Mamta Mohandas","Gross worldwide$975,543","Anurag Kashyap, Vijay Sethupathi, Mamta Mohandas"
215. Tokyo Story,1953,8.1 (73K),"Psychological Drama, Drama","Kôgo Noda, Chieko Higashiyama, Chishû Ryû, Noriko, Kyoko, Sô Yamamura, Yasujirô Ozu","Gross worldwide$92,310","Chishû Ryû, Chieko Higashiyama, Sô Yamamura"
216. The Big Lebowski,1998,8.1 (886K),"Buddy Comedy, Drug Crime, Satire, Stoner Comedy, Comedy, Crime","John Goodman, Julianne Moore, Jeff Bridges, Ethan Coen, Bob Nolan, Sons of the Pioneers, Joel Coen, Walter Sobchak","Gross worldwide$48,261,691","John Goodman, Jeff Bridges, Julianne Moore"
217. Spotlight,2015,8.1 (516K),"Docudrama, Legal Drama, Period Drama, True Crime, Workplace Drama, Biography, Crime, Drama","Sacha Pfeiffer, Marty Baron, Michael Keaton, Dick Walter, Mark Ruffalo, Rachel McAdams, Josh Singer, Tom McCarthy, Walter Robinson, Michael Rezendes","Gross worldwide$98,690,254","Mark Ruffalo, Michael Keaton, Rachel McAdams"
218. The Seventh Seal,1957,8.1 (207K),"Psychological Drama, Drama, Fantasy","Erik Nordgren, Antonius Block, Ingmar Bergman, Bengt Ekerot, Max von Sydow, Gunnar Björnstrand","Gross worldwide$311,212","Bengt Ekerot, Max von Sydow, Gunnar Björnstrand"
219. The Terminator,1984,8.1 (958K),"Artificial Intelligence, Cyberpunk, Dystopian Sci-Fi, Time Travel, Urban Adventure, Action, Adventure, Sci-Fi","Ricky Phillips, Michael Biehn, Desk Sergeant, James Cameron, Linda Hamilton, William Wisher, Arnold Schwarzenegger, The Terminator, Gale Anne Hurd","Gross worldwide$78,371,200","Linda Hamilton, Arnold Schwarzenegger, Michael Biehn"
220. Room,2015,8.1 (466K),"Psychological Drama, Drama, Thriller","Daniel Rojas, Sean Bridgers, Brie Larson, Klaus Badelt, Jack, Andrew Raiher, Lenny Abrahamson, Emma Donoghue, Jacob Tremblay","Gross worldwide$35,402,766","Sean Bridgers, Brie Larson, Jacob Tremblay"
221. Pirates of the Caribbean: The Curse of the Black Pearl,2003,8.1 (1.3M),"Sea Adventure, Supernatural Fantasy, Swashbuckler, Sword & Sandal, Action, Adventure, Fantasy","Terry Rossio, Johnny Depp, George Bruns, Orlando Bloom, Geoffrey Rush, Lucinda Dryzek, Xavier Atencio, Gore Verbinski, Stuart Beattie, Keira Knightley, Will Turner, Jack Sparrow, Ted Elliott","Gross worldwide$654,264,546","Orlando Bloom, Geoffrey Rush, Johnny Depp"
222. La haine,1995,8.1 (209K),"Gangster, Psychological Drama, Crime, Drama","Mathieu Kassovitz, Hubert, Vincent Cassel, Bob Marley, Hubert Koundé, Saïd Taghmaoui","Gross worldwide$759,234","Saïd Taghmaoui, Vincent Cassel, Hubert Koundé"
223. Jai Bhim,2021,8.7 (224K),"Legal Drama, Crime, Drama","T.J. Gnanavel, Rajendra Sapre, Suriya, Lijo Mol Jose, Chandru, Manikandan K.",Unknown,"Suriya, Lijo Mol Jose, Manikandan K."
224. Hotel Rwanda,2004,8.1 (382K),"Docudrama, Epic, Biography, Drama, History, War","Don Cheadle, Terry George, Chicco Twala, Joaquin Phoenix, Paul Rusesabagina, Yvonne Chaka Chaka, Sophie Okonedo, Attie Van Wyk, Jack, Keir Pearson","Gross worldwide$33,882,243","Joaquin Phoenix, Sophie Okonedo, Don Cheadle"
225. Platoon,1986,8.1 (453K),"Drama, War","Georges Delerue, Willem Dafoe, Chris Taylor, Tom Berenger, Oliver Stone, Charlie Sheen, Samuel Barber","Gross worldwide$138,545,632","Charlie Sheen, Willem Dafoe, Tom Berenger"
226. Before Sunset,2004,8.1 (300K),"Drama, Romance","Richard Linklater, Ethan Hawke, Julie Delpy, Vernon Dobtcheff, Celine","Gross worldwide$16,506,532","Vernon Dobtcheff, Ethan Hawke, Julie Delpy"
227. The Best Years of Our Lives,1946,8.1 (74K),"Epic, Feel-Good Romance, Drama, Romance, War","Harold Russell, Ray Teal, MacKinlay Kantor, Milly Stephenson, Lawrence Wright, Dana Andrews, Hoagy Carmichael, Myrna Loy, Fredric March, William Wyler, Edgar Leslie, Robert E. Sherwood","Gross worldwide$23,667,133","Dana Andrews, Fredric March, Myrna Loy"
228. The Exorcist,1973,8.1 (474K),"Body Horror, Supernatural Horror, Horror","Linda Blair, Demon, William Friedkin, Krzysztof Penderecki, Ellen Burstyn, William Peter Blatty, Jason Miller, Mercedes McCambridge, Father Karras, Max von Sydow","Gross worldwide$430,872,776","Linda Blair, Max von Sydow, Ellen Burstyn"
229. The Passion of Joan of Arc,1928,8.1 (64K),"Legal Drama, Period Drama, Psychological Drama, Tragedy, Biography, Drama, History","Eugene Silvain, Maria Falconetti, Richard Einhorn, Joseph Delteil, André Berley, Carl Theodor Dreyer, Jeanne d'Arc","Gross worldwide$22,731","André Berley, Maria Falconetti, Eugene Silvain"
230. The Wizard of Oz,1939,8.1 (448K),"Adventure Epic, Classic Musical, Fairy Tale, Fantasy Epic, Quest, Adventure, Family, Fantasy, Musical","Noel Langley, King Vidor, Harold Arlen, Edgar Allan Woolf, John Fricke, Frank Morgan, Dorothy, E.Y. Harburg, Ray Bolger, Judy Garland, Margaret Hamilton, The Scarecrow, Florence Ryerson, Victor Fleming","Gross worldwide$25,637,669","Judy Garland, Ray Bolger, Frank Morgan"
231. The Incredibles,2004,8.0 (848K),"Computer Animation, Superhero, Urban Adventure, Action, Adventure, Animation, Family","Honey, Lucius, Brad Bird, Holly Hunter, Samuel L. Jackson, Craig T. Nelson, Jason Lee","Gross worldwide$631,688,498","Holly Hunter, Samuel L. Jackson, Craig T. Nelson"
232. The Sound of Music,1965,8.1 (274K),"Classic Musical, Epic, Period Drama, Biography, Drama, Family, Musical, Romance","Maria, Howard Lindsay, Christopher Plummer, Robert Wise, Russel Crouse, Georg Hurdalek, Julie Andrews, Eleanor Parker, Richard Rodgers","Gross worldwide$159,484,051","Christopher Plummer, Julie Andrews, Eleanor Parker"
233. Rush,2013,8.1 (531K),"Docudrama, Motorsport, Period Drama, Biography, Drama, Sport","Niki Lauda, Ron Howard, Dave Edmunds, Earl King, Chris Hemsworth, Peter Morgan, David Bartholomew, Daniel Brühl, Olivia Wilde","Gross worldwide$96,992,516","Daniel Brühl, Chris Hemsworth, Olivia Wilde"
234. Hachi: A Dog's Tale,2009,8.1 (326K),"Animal Adventure, Biography, Drama, Family","Joan Allen, Richard Gere, Ken, Kaneto Shindô, Stephen P. Lindsey, Lasse Hallström, Cary-Hiroyuki Tagawa","Gross worldwide$46,749,646","Joan Allen, Cary-Hiroyuki Tagawa, Richard Gere"
235. Stand by Me,1986,8.1 (461K),"Coming-of-Age, Dark Comedy, Quest, Adventure, Comedy, Drama","Wil Wheaton, River Phoenix, Jerry Leiber, Rob Reiner, Stephen King, Mike Stoller, Bruce A. Evans, Corey Feldman, The Writer, Ben E. King, Raynold Gideon","Gross worldwide$53,525,035","River Phoenix, Wil Wheaton, Corey Feldman"
236. Demon Slayer: Kimetsu no Yaiba - Tsuzumi Mansion Arc,2021,8.5 (31K),"Anime, Action, Animation, Fantasy","Koyoharu Gotouge, Haruo Sotozaki","Gross worldwide$67,358",Unknown
237. Network,1976,8.1 (178K),"Dark Comedy, Workplace Drama, Drama","Faye Dunaway, Paddy Chayefsky, Howard Beale, William Holden, Sidney Lumet, Peter Finch","Gross worldwide$23,701,317","Faye Dunaway, Peter Finch, William Holden"
238. My Father and My Son,2005,8.2 (97K),"Drama, Family","Deniz, Çetin Tekindor, Fikret Kuskan, Cihan Okan, Evanthia Reboutsika, Çagan Irmak, Hümeyra","Gross worldwide$18,612,999","Hümeyra, Fikret Kuskan, Çetin Tekindor"
239. The Handmaiden,2016,8.1 (186K),"Dark Romance, Erotic Thriller, Psychological Thriller, Steamy Romance, Drama, Romance, Thriller","Ha Jung-woo, Park Chan-wook, Kim Tae-ri, Sarah Waters, Kim Min-hee, Lady Hideko, Chung Seo-kyung, Cho Jin-woong","Gross worldwide$37,863,670","Cho Jin-woong, Kim Min-hee, Ha Jung-woo"
240. The Iron Giant,1999,8.1 (242K),"Alien Invasion, Artificial Intelligence, Hand-Drawn Animation, High-Concept Comedy, Kaiju, Space Sci-Fi, Action, Adventure, Animation, Comedy","Hogarth Hughes, The Iron Giant, Eli Marienthal, Tim McCanlies, Brad Bird, Jimmie Rodgers, Jennifer Aniston, Bob Merrill, Harry Connick Jr., Ted Hughes","Gross worldwide$23,338,352","Eli Marienthal, Jennifer Aniston, Harry Connick Jr."
241. To Be or Not to Be,1942,8.1 (46K),"Screwball Comedy, Comedy, Romance, War","Kazimierz Rudzki, Melchior Lengyel, Colonel Ehrhardt, Joseph Tura, Aleksandr Glazunov, Jack Benny, Carole Lombard, Frédéric Chopin, Ernst Lubitsch, Robert Stack, Edwin Justus Mayer","Gross worldwide$4,578,000","Robert Stack, Carole Lombard, Jack Benny"
242. The Battle of Algiers,1966,8.1 (70K),"Docudrama, Political Drama, Drama, War","Johann Sebastian Bach, Gillo Pontecorvo, Yacef Saadi, Franco Solinas, Brahim Hadjadj, Franco Moruzzi, Samia Kerbash, Jean Martin, Tommaso Neri","Gross worldwide$962,002","Brahim Hadjadj, Yacef Saadi, Jean Martin"
243. Into the Wild,2007,8.1 (676K),"Coming-of-Age, Docudrama, Road Trip, Survival, Tragedy, Adventure, Biography, Drama","Jim Gallien, Catherine Keener, Jon Krakauer, Vince Vaughn, Sean Penn, Eddie Vedder, Christopher McCandless, Emile Hirsch","Gross worldwide$56,676,733","Vince Vaughn, Catherine Keener, Emile Hirsch"
244. The Grapes of Wrath,1940,8.1 (104K),Drama,"John Ford, Darryl F. Zanuck, Ma Joad, Nunnally Johnson, Jane Darwell, Henry Fonda, John Steinbeck, Tom Joad, John Carradine","Gross worldwide$7,304","Henry Fonda, Jane Darwell, John Carradine"
245. Groundhog Day,1993,8.0 (712K),"Feel-Good Romance, High-Concept Comedy, Holiday Comedy, Holiday Romance, Romantic Comedy, Comedy, Drama, Fantasy, Romance","Bill Murray, Phil, Delbert McClinton, George Fenton, Chris Elliott, Harold Ramis, Andie MacDowell, Danny Rubin","Gross worldwide$71,108,778","Bill Murray, Andie MacDowell, Chris Elliott"
246. A Silent Voice: The Movie,2016,8.1 (117K),"Anime, Coming-of-Age, Psychological Drama, Shōnen, Slice of Life, Animation, Drama","Reiko Yoshida, Pete Townshend, Lexi Marman, Miyoko Sahara, Miyu Irino, Shoko Nishimiya, Naoko Yamada, Aoi Yûki, Saori Hayami, The Who, Yoshitoki Ôima","Gross worldwide$30,819,442","Saori Hayami, Miyu Irino, Aoi Yûki"
247. The Help,2011,8.1 (510K),"Period Drama, Drama","Emma Stone, Octavia Spencer, Johnny Cash, Hilly Holbrook, Jerry Leiber, Kathryn Stockett, Minny Jackson, June Carter Cash, Tate Taylor, Viola Davis, Billy Edd Wheeler","Gross worldwide$221,802,186","Octavia Spencer, Emma Stone, Viola Davis"
248. Amores Perros,2000,8.0 (261K),"Tragedy, Drama, Thriller","Emilio Echevarría, Goya Toledo, Guillermo Arriaga, Control Machete, El Chivo, Gael García Bernal, Alejandro G. Iñárritu","Gross worldwide$20,908,467","Emilio Echevarría, Gael García Bernal, Goya Toledo"
249. Rebecca,1940,8.1 (153K),"Dark Romance, Psychological Drama, Psychological Thriller, Suspense Mystery, Drama, Mystery, Romance, Thriller","Laurence Olivier, The Second Mrs. de Winter, J.L. Molloy, George Sanders, Mrs. Danvers, Alfred Hitchcock, Joan Fontaine, Daphne Du Maurier, Judith Anderson, Joan Harrison, Robert E. Sherwood","Gross worldwide$113,328","Laurence Olivier, Joan Fontaine, George Sanders"
250. Drishyam,2015,8.2 (100K),"Crime, Drama, Mystery, Thriller","Upendra Sidhaye, Ash King, Gulzar, Meera Deshmukh, Jeethu Joseph, Shriya Saran, Ajay Devgn, Vishal Bhardwaj, Meghna Gulzar, Tabu, Nishikant Kamat",Unknown,"Shriya Saran, Ajay Devgn, Tabu"
